#Species name here:
Model_1_goa_pop_2023.dat
#SSL Species?
0
#Constant buffer of Dorn?
0
#Number of fisheries?
1
#Number of sexes?
1
#5year_Average_F(endyr-4,endyr_as_estimated_by_ADmodel)
0.0462831
#_Author_F_as_fraction_F_40%
1
#ABC SPR
0.4
#MSY SPR
0.35
#_Spawn_month
5
#_Number_of_ages
28
#_F_ratio(must_sum_to_one_only_one_fishery)
1
#_Natural_Mortality 2 3 4 5 6 7 8 9 10 11 12 13 14 15 16 17 18 19 20 21 22 23 24 25 26 27 28 29
 0.11 0.11 0.11 0.11 0.11 0.11 0.11 0.11 0.11 0.11 0.11 0.11 0.11 0.11 0.11 0.11 0.11 0.11 0.11 0.11 0.11 0.11 0.11 0.11 0.11 0.11 0.11 0.11
#_Maturity_divided_by_2(projection_program_uses_to_get_female_spawning_biomass_if_divide_by_2 2 3 4 5 6 7 8 9 10 11 12 13 14 15 16 17 18 19 20 21 22 23 24 25 26 27 28 29
 0.00657105 0.0127563 0.0246193 0.0469894 0.0878553 0.158356 0.268761 0.417919 0.583771 0.732603 0.842568 0.9127 0.953321 0.975547 0.987331 0.993474 0.996649 0.998282 0.99912 0.999549 0.999769 0.999882 0.999939 0.999969 0.999984 0.999992 0.999996 0.999998
#_Wt_at_age_spawners 2 3 4 5 6 7 8 9 10 11 12 13 14 15 16 17 18 19 20 21 22 23 24 25 26 27 28 29
 44.3 98.3 166.7 242.5 320 395 464.9 528.2 584.5 633.8 676.3 712.7 743.6 769.7 791.7 810 825.4 838.1 848.7 857.5 864.7 870.8 875.7 879.8 883.2 886 888.3 894.6
#_Wt_at_age_fishery 2 3 4 5 6 7 8 9 10 11 12 13 14 15 16 17 18 19 20 21 22 23 24 25 26 27 28 29
 44.3 98.3 166.7 242.5 320 395 464.9 528.2 584.5 633.8 676.3 712.7 743.6 769.7 791.7 810 825.4 838.1 848.7 857.5 864.7 870.8 875.7 879.8 883.2 886 888.3 894.6
#_Selectivity_fishery_scaled_to_max_at_one 2 3 4 5 6 7 8 9 10 11 12 13 14 15 16 17 18 19 20 21 22 23 24 25 26 27 28 29
 0.000774357 0.00795013 0.028591 0.0669209 0.123791 0.19732 0.283818 0.378667 0.477017 0.5743 0.666542 0.750541 0.823921 0.885112 0.933277 0.968208 0.990214 1 0.998564 0.987095 0.966892 0.939294 0.905629 0.867167 0.825093 0.78049 0.734324 0.687439
#_Numbers_at_age_end_year 2 3 4 5 6 7 8 9 10 11 12 13 14 15 16 17 18 19 20 21 22 23 24 25 26 27 28 29
 201.388 180.737 140.688 131.516 172.672 222.605 78.9408 113.561 107.077 131.504 50.5436 102.213 45.0644 95.4265 55.0114 63.3189 26.7131 30.536 17.3811 34.658 21.3634 33.4169 19.1194 26.5424 11.6567 8.23342 11.6899 50.3517
#_N_recruitment_years
43
#_Recruitment_start_at_1977_yearclass=1979_for_age_2_recruits 1979 1980 1981 1982 1983 1984 1985 1986 1987 1988 1989 1990 1991 1992 1993 1994 1995 1996 1997 1998 1999 2000 2001 2002 2003 2004 2005 2006 2007 2008 2009 2010 2011 2012 2013 2014 2015 2016 2017 2018 2019 2020 2021
 108.398 96.336 99.2223 121.658 125.972 136.737 195.886 293.352 272.069 413.213 321.782 251.393 137.671 153.494 154.184 176.808 148.578 327.076 351.165 216.199 267.493 532.461 335.435 512.714 286.431 405.447 177.075 270.425 205.361 422.213 318.072 478.573 196.218 387.044 166.846 379.587 271.237 253.424 155.809 390.043 269.464 183.27 175.383
#_Spawners per recruitment (starting at 1977)
 78.8274 76.6287 79.3134 81.4323 82.0767 82.5433 85.1265 89.0518 93.3886 98.8396 103.919 108.304 111.69 115.12 120.302 131.091 145.294 164.13 184.699 203.277 217.867 227.701 233.681 236.303 238.335 241.218 246.185 254.562 265.442 279.044 294.044 310.701 327.645 342.515 352.935 360.247 364.332 367.869 369.773 372.293 373.533 373.877 372.451 369.12 364.661
