# Number of parameters = 166 Objective function value = 260.057098027463  Maximum gradient component = 9.86919785529304e-05
# log_mean_rec:
4.43924045500
# sigr:
0.771471732393
# a50:
2.52435614589
# delta:
5.09023168733
# a502:
6.29009843335
# delta2:
1.94090366239
# a503:
2.75785056455
# delta3:
8.95502695784
# a50_srv1:
5.39748301693
# delta_srv1:
5.72319662062
# a50_srv2:
7.30000000000
# delta_srv2:
3.80000000000
# log_avg_F:
-2.58152221768
# log_F_devs:
 -0.819015592020 0.426470958965 1.02436365673 1.67539077966 2.22646875080 1.80542381528 1.44382540608 1.42950376009 1.24259758408 0.821325955475 1.40764904203 1.50282842148 1.30512878396 1.35439974597 1.54748070126 1.69604770988 1.27630631333 0.340611381218 0.373953230842 0.659014168514 0.669616329871 0.00362038727805 -0.705090815433 -0.812551107533 -2.13454676078 -1.20527876838 -0.552948167866 0.0470945320262 0.346173328060 0.413648393382 -0.362180729212 -0.498789554792 -1.81173290619 -2.09107715910 -1.08813826915 -0.621514671720 -0.564765533207 -0.672578386787 -0.525564776679 -0.555546201486 -0.483406033240 -0.397232990619 -0.487843546585 -0.441457815074 -0.516336433728 -0.381174849549 -0.637392125008 -0.725622187685 -0.733944572649 -0.589140629143 -0.713892700669 -0.693283629276 -0.837350064805 -0.564665999394 -0.520998130732 -0.322832092358 -0.282402740371 -0.240697213961 -0.197657258766 -0.193218823925 -0.0570781398627
# mat_a50:
9.49480977144
# mat_delta:
0.669595209765
# log_rec_dev:
 -0.291030697497 -0.308320825369 -0.323198970395 -0.337031505581 -0.350836578941 -0.364921637214 -0.377272184271 -0.388059859169 -0.397762249659 -0.405270168368 -0.408870953571 -0.407967972596 -0.401025880149 -0.385626352132 -0.359439213138 -0.319499682777 -0.262949072406 -0.188714225698 -0.100684569603 -0.0127326746405 0.0557115818833 0.108287367111 2.93844493437 0.324638653246 0.334986605312 2.95809865067 0.230612579356 0.428470801958 0.865193838814 0.452744906710 0.495807039415 1.19256918336 0.611518090199 0.0428409127241 -0.282054659678 -0.243691847966 -0.409825605282 -0.706467238383 -0.849003864401 -0.939133940146 -1.00375879861 -1.01843735544 -0.842522044788 -0.396150163344 -0.664586768589 -0.791255474077 -0.753596100288 -0.506461557463 -0.478041064459 -0.435962589829 -0.0646864706409 0.343022693676 0.275230539012 0.721864422497 0.481203881673 0.251713265690 -0.448756766279 -0.269607876898 -0.243693792510 -0.121730278948 -0.328180452083 0.491826614661 0.583799649695 0.0543947110947 0.269146118431 0.978200824682 0.502402823624 0.929832693528 0.325103759574 0.703068912869 -0.189471114694 0.315461866302 0.0137597864507 0.852963594329 0.532899860580 0.972736075733 -0.0734192226085 0.660723972455 -0.376398584087 0.558870759666 0.210376719527 0.381953483957 -0.117010864012 1.06407385660 0.394230163917 0.00915093501308 0.00345720405359
# log_q_srv1:
0.599553452615
# log_q_srv2:
0.00000000000
# cv_cpue:
0.00000000000
# logm:
-2.58571306531
# mF50:
0.0706043951681
# mF40:
0.100363356263
# mF35:
0.120454013810
