#Species name here:
Model_1_goa_pop_2021.dat
#SSL Species?
0
#Constant buffer of Dorn?
0
#Number of fisheries?
1
#Number of sexes?
1
#5year_Average_F(endyr-4,endyr_as_estimated_by_ADmodel)
0.0624869
#_Author_F_as_fraction_F_40%
1
#ABC SPR
0.4
#MSY SPR
0.35
#_Spawn_month
5
#_Number_of_ages
28
#_F_ratio(must_sum_to_one_only_one_fishery)
1
#_Natural_Mortality 2 3 4 5 6 7 8 9 10 11 12 13 14 15 16 17 18 19 20 21 22 23 24 25 26 27 28 29
 0.0753423 0.0753423 0.0753423 0.0753423 0.0753423 0.0753423 0.0753423 0.0753423 0.0753423 0.0753423 0.0753423 0.0753423 0.0753423 0.0753423 0.0753423 0.0753423 0.0753423 0.0753423 0.0753423 0.0753423 0.0753423 0.0753423 0.0753423 0.0753423 0.0753423 0.0753423 0.0753423 0.0753423
#_Maturity_divided_by_2(projection_program_uses_to_get_female_spawning_biomass_if_divide_by_2 2 3 4 5 6 7 8 9 10 11 12 13 14 15 16 17 18 19 20 21 22 23 24 25 26 27 28 29
 0.00657105 0.0127563 0.0246193 0.0469894 0.0878553 0.158356 0.268761 0.417919 0.583771 0.732603 0.842568 0.9127 0.953321 0.975547 0.987331 0.993474 0.996649 0.998282 0.99912 0.999549 0.999769 0.999882 0.999939 0.999969 0.999984 0.999992 0.999996 0.999998
#_Wt_at_age_spawners 2 3 4 5 6 7 8 9 10 11 12 13 14 15 16 17 18 19 20 21 22 23 24 25 26 27 28 29
 44.2 98.5 167.4 243.7 321.6 397 467.2 530.8 587.3 636.7 679.3 715.7 746.6 772.7 794.6 813 828.2 840.9 851.5 860.2 867.5 873.4 878.4 882.4 885.8 888.6 890.8 897.1
#_Wt_at_age_fishery 2 3 4 5 6 7 8 9 10 11 12 13 14 15 16 17 18 19 20 21 22 23 24 25 26 27 28 29
 44.2 98.5 167.4 243.7 321.6 397 467.2 530.8 587.3 636.7 679.3 715.7 746.6 772.7 794.6 813 828.2 840.9 851.5 860.2 867.5 873.4 878.4 882.4 885.8 888.6 890.8 897.1
#_Selectivity_fishery_scaled_to_max_at_one 2 3 4 5 6 7 8 9 10 11 12 13 14 15 16 17 18 19 20 21 22 23 24 25 26 27 28 29
 0.000830044 0.00964731 0.0365625 0.0875809 0.163156 0.259261 0.369159 0.485075 0.599463 0.70583 0.799163 0.876056 0.934629 0.974332 0.995683 1 0.98914 0.965275 0.930713 0.887743 0.838541 0.785092 0.729153 0.672226 0.615563 0.560171 0.506833 0.456127
#_Numbers_at_age_end_year 2 3 4 5 6 7 8 9 10 11 12 13 14 15 16 17 18 19 20 21 22 23 24 25 26 27 28 29
 85.0039 79.2809 108 195.265 55.2853 83.6046 64.29 82.6341 29.2337 73.9095 31.6379 80.0528 45.734 55.8091 21.3685 25.634 13.7547 29.9413 18.3502 30.1158 17.6255 25.45 11.2282 8.1158 12.3505 10.1157 4.01511 50.6251
#_N_recruitment_years
41
#_Recruitment_start_at_1977_yearclass=1979_for_age_2_recruits 1979 1980 1981 1982 1983 1984 1985 1986 1987 1988 1989 1990 1991 1992 1993 1994 1995 1996 1997 1998 1999 2000 2001 2002 2003 2004 2005 2006 2007 2008 2009 2010 2011 2012 2013 2014 2015 2016 2017 2018 2019
 43.5824 38.3972 39.8708 51.0486 52.5203 54.7774 79.4044 119.374 111.55 174.357 137.064 108.957 54.081 64.6917 66.39 75.0017 61.0114 138.527 151.872 89.446 110.873 225.302 140 214.664 117.254 171.11 70.0892 116.129 85.8842 198.781 144.335 224.074 78.714 164.016 58.1393 148.133 104.545 124.113 75.3565 245.504 125.646
#_Spawners per recruitment (starting at 1977)
 39.5313 35.2843 36.0342 36.4587 35.6279 34.7684 36.1046 38.8318 42.0119 46.3495 50.399 53.7086 55.6837 56.9733 58.9152 65.083 73.3231 85.2257 98.7256 111.097 121.22 128.682 134.112 137.236 139.909 142.748 146.46 152.216 159.246 167.917 177.063 187.413 198.335 208.343 215.647 221.684 225.966 230.461 233.421 236.705 238.462 239.234 238.34
