#Species name here:
Model_1_goa_pop_2023.dat
#SSL Species?
0
#Constant buffer of Dorn?
0
#Number of fisheries?
1
#Number of sexes?
1
#5year_Average_F(endyr-4,endyr_as_estimated_by_ADmodel)
0.0680981
#_Author_F_as_fraction_F_40%
1
#ABC SPR
0.4
#MSY SPR
0.35
#_Spawn_month
5
#_Number_of_ages
28
#_F_ratio(must_sum_to_one_only_one_fishery)
1
#_Natural_Mortality 2 3 4 5 6 7 8 9 10 11 12 13 14 15 16 17 18 19 20 21 22 23 24 25 26 27 28 29
 0.0752468 0.0752468 0.0752468 0.0752468 0.0752468 0.0752468 0.0752468 0.0752468 0.0752468 0.0752468 0.0752468 0.0752468 0.0752468 0.0752468 0.0752468 0.0752468 0.0752468 0.0752468 0.0752468 0.0752468 0.0752468 0.0752468 0.0752468 0.0752468 0.0752468 0.0752468 0.0752468 0.0752468
#_Maturity_divided_by_2(projection_program_uses_to_get_female_spawning_biomass_if_divide_by_2 2 3 4 5 6 7 8 9 10 11 12 13 14 15 16 17 18 19 20 21 22 23 24 25 26 27 28 29
 0.00657105 0.0127563 0.0246193 0.0469894 0.0878553 0.158356 0.268761 0.417919 0.583771 0.732603 0.842568 0.9127 0.953321 0.975547 0.987331 0.993474 0.996649 0.998282 0.99912 0.999549 0.999769 0.999882 0.999939 0.999969 0.999984 0.999992 0.999996 0.999998
#_Wt_at_age_spawners 2 3 4 5 6 7 8 9 10 11 12 13 14 15 16 17 18 19 20 21 22 23 24 25 26 27 28 29
 44.3 98.3 166.7 242.4 319.8 394.7 464.5 527.8 584 633.1 675.5 711.8 742.7 768.7 790.5 808.8 824.1 836.8 847.3 856.1 863.3 869.3 874.2 878.3 881.7 884.5 886.8 893
#_Wt_at_age_fishery 2 3 4 5 6 7 8 9 10 11 12 13 14 15 16 17 18 19 20 21 22 23 24 25 26 27 28 29
 44.3 98.3 166.7 242.4 319.8 394.7 464.5 527.8 584 633.1 675.5 711.8 742.7 768.7 790.5 808.8 824.1 836.8 847.3 856.1 863.3 869.3 874.2 878.3 881.7 884.5 886.8 893
#_Selectivity_fishery_scaled_to_max_at_one 2 3 4 5 6 7 8 9 10 11 12 13 14 15 16 17 18 19 20 21 22 23 24 25 26 27 28 29
 0.000887494 0.0101326 0.0380091 0.0903957 0.167481 0.264966 0.375907 0.492408 0.606887 0.712881 0.805451 0.881286 0.93861 0.97697 0.996972 1 0.987963 0.963068 0.92764 0.883976 0.83425 0.780436 0.724274 0.667251 0.610599 0.555305 0.502135 0.451651
#_Numbers_at_age_end_year 2 3 4 5 6 7 8 9 10 11 12 13 14 15 16 17 18 19 20 21 22 23 24 25 26 27 28 29
 85.9322 79.6981 64.3896 64.5417 98.9929 138.071 40.4875 60.8309 53.5929 67.6368 25.9911 61.1665 25.3791 60.9574 34.4088 41.6299 16.515 20.0364 10.8207 23.9349 14.5963 24.3269 14.1812 20.7176 9.36737 6.74048 10.1898 54.7101
#_N_recruitment_years
43
#_Recruitment_start_at_1977_yearclass=1979_for_age_2_recruits 1979 1980 1981 1982 1983 1984 1985 1986 1987 1988 1989 1990 1991 1992 1993 1994 1995 1996 1997 1998 1999 2000 2001 2002 2003 2004 2005 2006 2007 2008 2009 2010 2011 2012 2013 2014 2015 2016 2017 2018 2019 2020 2021
 44.563 39.3128 40.753 51.8045 52.7723 56.4705 81.6654 123.116 113.084 174.031 137.148 109.62 56.3543 66.3724 66.3273 77.5793 62.125 146.216 154.388 92.3594 116.089 232.418 144.125 223.937 121.489 179.526 72.8165 120.412 88.2703 197.205 144.06 225.138 82.6301 175.681 66.0068 152.48 107.828 109.935 66.1835 205.579 135.115 81.1789 74.9082
#_Spawners per recruitment (starting at 1977)
 39.8712 35.6955 36.5248 37.0352 36.2947 35.5253 36.9496 39.7619 43.0229 47.4392 51.5624 54.941 56.9824 58.3452 60.3808 66.6732 75.0467 87.0708 100.65 113.053 123.189 130.681 136.177 139.406 142.236 145.302 149.321 155.457 162.922 172.081 181.769 192.731 204.284 214.905 222.765 229.244 233.814 238.425 241.348 244.513 246.166 246.949 246.192 243.714 240.214
