# Number of parameters = 167 Objective function value = 256.030811767972  Maximum gradient component = 8.21794134784380e-05
# log_mean_rec:
4.66009675164
# sigr:
0.719419030798
# a50:
2.52258120659
# delta:
5.08319223335
# a502:
6.28101808076
# delta2:
1.90548291330
# a503:
2.74780620674
# delta3:
8.91129304471
# a50_srv1:
5.30732131938
# delta_srv1:
5.59999184177
# a50_srv2:
7.30000000000
# delta_srv2:
3.80000000000
# log_avg_F:
-2.73159531479
# log_F_devs:
 -0.699594136231 0.546612246875 1.14721710382 1.79726486387 2.33766063446 1.91111232061 1.54571948626 1.52681958115 1.33685824396 0.912799375101 1.49499500194 1.58315593267 1.37482011060 1.40951341902 1.57927035512 1.69063979616 1.23074869302 0.274758364001 0.299368130937 0.571386213393 0.565255470567 -0.109464234241 -0.814517632010 -0.913262030063 -2.22395806661 -1.28365800326 -0.623811478201 -0.0212463996365 0.275357729110 0.339488808931 -0.435504308681 -0.565168354935 -1.86863698885 -2.13650838260 -1.12399323409 -0.648126274598 -0.585356478113 -0.687316079607 -0.535174391501 -0.560200315737 -0.483334024530 -0.392290925945 -0.476730790023 -0.424205242243 -0.492193791463 -0.349716296122 -0.606442277738 -0.686126912640 -0.684503994367 -0.529799978965 -0.643821414856 -0.626692819620 -0.788803312116 -0.533952042512 -0.509234555306 -0.330491730208 -0.312017066200 -0.292281560692 -0.274054009945 -0.293739346260 -0.184888847970
# mat_a50:
9.49480974994
# mat_delta:
0.669595272960
# log_rec_dev:
 -0.237506910328 -0.254299289707 -0.269296247654 -0.283548774294 -0.297945718240 -0.312779477104 -0.326274587123 -0.338474420954 -0.349851079778 -0.359366972655 -0.365363471291 -0.367278363583 -0.363635765642 -0.352103673959 -0.330449285240 -0.295810004473 -0.245383813295 -0.177897324829 -0.0962851716433 -0.0119342305671 0.0591739229518 0.121491023798 2.77262574008 0.365277709876 0.373940721799 2.79980392858 0.235223977616 0.384311241098 0.675050979574 0.384137172627 0.449422760576 1.03331555683 0.544473672333 -0.0168921508797 -0.325340074127 -0.292726798427 -0.419455414274 -0.673268877929 -0.795932399881 -0.874023796117 -0.930630083986 -0.940920535846 -0.772897247042 -0.364942807710 -0.611281148996 -0.736205600341 -0.702744510221 -0.472575535785 -0.441156149666 -0.395773821631 -0.0339244531571 0.370667112077 0.305817546772 0.743977039841 0.502917708417 0.261125733247 -0.417766234712 -0.264265471862 -0.237256417990 -0.129863312217 -0.318352181150 0.468206960530 0.556171484604 0.0339917684337 0.235442959519 0.922549536490 0.456713552154 0.850427444695 0.266987617233 0.592081821412 -0.241402958322 0.183223985351 -0.0771224817769 0.686078060926 0.395559072311 0.768513336640 -0.174390198398 0.436607862891 -0.446037737952 0.379183589521 0.104169326343 0.267159702162 -0.140002310507 0.925371059462 0.343023795993 0.00487801595326 0.00205671901679
# log_q_srv1:
0.448756683072
# log_q_srv2:
0.00000000000
# cv_cpue:
0.00000000000
# logm1:
-2.46033736813
# logm2:
-2.87693643198
# mF50:
0.0567085625718
# mF40:
0.0799941789305
# mF35:
0.0955145011562
