#Species name here:
Model_1_goa_pop_2021.dat
#SSL Species?
0
#Constant buffer of Dorn?
0
#Number of fisheries?
1
#Number of sexes?
1
#5year_Average_F(endyr-4,endyr_as_estimated_by_ADmodel)
0.0496893
#_Author_F_as_fraction_F_40%
1
#ABC SPR
0.4
#MSY SPR
0.35
#_Spawn_month
5
#_Number_of_ages
28
#_F_ratio(must_sum_to_one_only_one_fishery)
1
#_Natural_Mortality 2 3 4 5 6 7 8 9 10 11 12 13 14 15 16 17 18 19 20 21 22 23 24 25 26 27 28 29
 0.056307 0.056307 0.056307 0.056307 0.056307 0.056307 0.056307 0.056307 0.056307 0.056307 0.056307 0.056307 0.056307 0.056307 0.056307 0.056307 0.056307 0.056307 0.056307 0.056307 0.056307 0.056307 0.056307 0.056307 0.056307 0.056307 0.056307 0.056307
#_Maturity_divided_by_2(projection_program_uses_to_get_female_spawning_biomass_if_divide_by_2 2 3 4 5 6 7 8 9 10 11 12 13 14 15 16 17 18 19 20 21 22 23 24 25 26 27 28 29
 0.00657105 0.0127563 0.0246193 0.0469894 0.0878553 0.158356 0.268761 0.417919 0.583771 0.732603 0.842568 0.9127 0.953321 0.975547 0.987331 0.993474 0.996649 0.998282 0.99912 0.999549 0.999769 0.999882 0.999939 0.999969 0.999984 0.999992 0.999996 0.999998
#_Wt_at_age_spawners 2 3 4 5 6 7 8 9 10 11 12 13 14 15 16 17 18 19 20 21 22 23 24 25 26 27 28 29
 44.2 98.5 167.4 243.7 321.6 397 467.2 530.8 587.3 636.7 679.3 715.7 746.6 772.7 794.6 813 828.2 840.9 851.5 860.2 867.5 873.4 878.4 882.4 885.8 888.6 890.8 897.1
#_Wt_at_age_fishery 2 3 4 5 6 7 8 9 10 11 12 13 14 15 16 17 18 19 20 21 22 23 24 25 26 27 28 29
 44.2 98.5 167.4 243.7 321.6 397 467.2 530.8 587.3 636.7 679.3 715.7 746.6 772.7 794.6 813 828.2 840.9 851.5 860.2 867.5 873.4 878.4 882.4 885.8 888.6 890.8 897.1
#_Selectivity_fishery_scaled_to_max_at_one 2 3 4 5 6 7 8 9 10 11 12 13 14 15 16 17 18 19 20 21 22 23 24 25 26 27 28 29
 0.000915013 0.0103895 0.0388352 0.0921079 0.170262 0.268822 0.380682 0.497822 0.612592 0.718508 0.810651 0.885762 0.942131 0.97938 0.998185 1 0.986788 0.960802 0.924398 0.879896 0.829478 0.775124 0.718568 0.661289 0.604505 0.54919 0.496092 0.445758
#_Numbers_at_age_end_year 2 3 4 5 6 7 8 9 10 11 12 13 14 15 16 17 18 19 20 21 22 23 24 25 26 27 28 29
 105.864 100.346 132.948 224.551 72.8152 102.562 81.2959 99.3271 40.1714 89.1971 43.021 97.8375 59.559 70.315 28.936 33.1608 19.1865 39.1527 25.1449 40.1363 24.1336 34.2719 15.3553 11.1767 16.7823 13.7162 5.59394 67.9702
#_N_recruitment_years
41
#_Recruitment_start_at_1977_yearclass=1979_for_age_2_recruits 1979 1980 1981 1982 1983 1984 1985 1986 1987 1988 1989 1990 1991 1992 1993 1994 1995 1996 1997 1998 1999 2000 2001 2002 2003 2004 2005 2006 2007 2008 2009 2010 2011 2012 2013 2014 2015 2016 2017 2018 2019
 57.3295 50.5969 52.3186 65.8593 67.9614 71.1168 102.122 153.05 143.44 222.31 174.69 137.17 69.5698 81.112 83.3326 92.7802 76.8415 168.731 184.245 109.299 133.692 265.774 166.802 247.281 137.977 190.982 82.9878 126.89 97.8049 209.804 156.907 227.832 88.7396 163.482 67.6305 154.359 117.245 138 91.8443 266.525 148.877
#_Spawners per recruitment (starting at 1977)
 47.3382 43.604 44.8717 45.8033 45.4745 45.1173 46.9559 50.189 53.8731 58.7028 63.2124 66.9691 69.4376 71.3497 74.1188 81.3927 91.0157 104.517 119.65 133.465 144.637 152.639 158.129 160.982 163.231 165.642 169.01 174.511 181.328 189.769 198.607 208.504 218.694 227.598 233.403 237.574 246.856 256.596 265.076 274.215 282.16 289.392 295.101
