# Number of parameters = 164 Objective function value = 256.451074541582  Maximum gradient component = 8.01631520975047e-05
# log_mean_rec:
4.43169086163
# sigr:
0.769503029208
# a50:
2.52250570657
# delta:
5.08184361844
# a502:
6.29021085547
# delta2:
1.93851402635
# a503:
2.73244794555
# delta3:
8.63336299028
# a50_srv1:
5.24717026822
# delta_srv1:
5.59350115948
# a50_srv2:
7.30000000000
# delta_srv2:
3.80000000000
# log_avg_F:
-2.57989145447
# log_F_devs:
 -0.811629527891 0.429719727655 1.02352942851 1.67274952693 2.22255004233 1.80114890825 1.43948835608 1.42504423777 1.23775091990 0.816551472701 1.40233591821 1.49633750020 1.29775034461 1.34600974541 1.53735061321 1.68302290155 1.25982668805 0.323048680873 0.356154352419 0.640614692014 0.650312100969 -0.0160286293658 -0.724484388818 -0.831633991920 -2.15308485550 -1.22333373678 -0.570783858424 0.0291091237761 0.327873322341 0.395495704681 -0.379408701847 -0.514605895914 -1.82579789964 -2.10344165655 -1.09919154717 -0.631467231412 -0.573370443325 -0.679807553531 -0.531478907310 -0.560107662121 -0.486550372781 -0.398811017100 -0.487491418900 -0.439058353212 -0.511472415156 -0.373621973600 -0.634569086126 -0.720278381014 -0.725528585245 -0.577294489173 -0.698233651986 -0.674078822793 -0.814620341420 -0.538528738649 -0.490833717108 -0.287967335854 -0.241252634262 -0.191842456339 -0.137483621042 -0.154600202890
# mat_a50:
9.49480977921
# mat_delta:
0.669595253817
# log_rec_dev:
 -0.280848657931 -0.297789383690 -0.312335521612 -0.325847372381 -0.339339577853 -0.353112709014 -0.365181568681 -0.375689032527 -0.385111864275 -0.392348886572 -0.395678493772 -0.394509589175 -0.387305116551 -0.371652485957 -0.345229091223 -0.305095700865 -0.248455837168 -0.174395206867 -0.0871471497404 -0.00118309985923 0.0635660259012 0.110988476603 2.96114009304 0.314828879580 0.326088367664 2.97387029697 0.231771704136 0.432952699365 0.886433408819 0.463570105831 0.503257270625 1.21471810569 0.623265632172 0.0582946302533 -0.265802991252 -0.224402407771 -0.389321057437 -0.685984400770 -0.827731809164 -0.916900964263 -0.980525534696 -0.994301206318 -0.817245119491 -0.365880800452 -0.637036538421 -0.764462735885 -0.727570971967 -0.479945045458 -0.454071061136 -0.414316452223 -0.0453977893069 0.362228179509 0.293420779010 0.739479959298 0.495805616897 0.268361135971 -0.436109900431 -0.256479486476 -0.230912924155 -0.111557698238 -0.320177456302 0.498231407513 0.586083247773 0.0539316989612 0.266386980488 0.972501384676 0.497088273637 0.905618086967 0.303009440044 0.676550888076 -0.216275660402 0.276020433725 0.00116545810743 0.859820702971 0.545932010227 0.940636798701 -0.170350509997 0.507498739848 -0.493763525801 0.365902592929 -0.0124206400502 0.257071624715 -0.134652371230 1.04487409877 0.350150470178 -1.33710431172e-07
# log_q_srv1:
0.585744975272
# log_q_srv2:
0.00000000000
# cv_cpue:
0.00000000000
# logm:
-2.57903076817
# mF50:
0.0707867901956
# mF40:
0.100185197322
# mF35:
0.119923869203
