#Species name here:
Model_1_goa_pop_2020.dat
#SSL Species?
0
#Constant buffer of Dorn?
0
#Number of fisheries?
1
#Number of sexes?
1
#5year_Average_F(endyr-4,endyr_as_estimated_by_ADmodel)
0.0619773
#_Author_F_as_fraction_F_40%
1
#ABC SPR
0.4
#MSY SPR
0.35
#_Spawn_month
5
#_Number_of_ages
28
#_F_ratio(must_sum_to_one_only_one_fishery)
1
#_Natural_Mortality 2 3 4 5 6 7 8 9 10 11 12 13 14 15 16 17 18 19 20 21 22 23 24 25 26 27 28 29
 0.0758475 0.0758475 0.0758475 0.0758475 0.0758475 0.0758475 0.0758475 0.0758475 0.0758475 0.0758475 0.0758475 0.0758475 0.0758475 0.0758475 0.0758475 0.0758475 0.0758475 0.0758475 0.0758475 0.0758475 0.0758475 0.0758475 0.0758475 0.0758475 0.0758475 0.0758475 0.0758475 0.0758475
#_Maturity_divided_by_2(projection_program_uses_to_get_female_spawning_biomass_if_divide_by_2 2 3 4 5 6 7 8 9 10 11 12 13 14 15 16 17 18 19 20 21 22 23 24 25 26 27 28 29
 0.00657105 0.0127563 0.0246193 0.0469894 0.0878553 0.158356 0.268761 0.417919 0.583771 0.732603 0.842568 0.9127 0.953321 0.975547 0.987331 0.993474 0.996649 0.998282 0.99912 0.999549 0.999769 0.999882 0.999939 0.999969 0.999984 0.999992 0.999996 0.999998
#_Wt_at_age_spawners 2 3 4 5 6 7 8 9 10 11 12 13 14 15 16 17 18 19 20 21 22 23 24 25 26 27 28 29
 44.1 98.2 166.9 243 320.8 396 466.2 529.8 586.2 635.6 678.2 714.7 745.7 771.8 793.8 812.2 827.5 840.2 850.8 859.6 866.9 872.9 877.8 881.9 885.3 888.1 890.4 896.7
#_Wt_at_age_fishery 2 3 4 5 6 7 8 9 10 11 12 13 14 15 16 17 18 19 20 21 22 23 24 25 26 27 28 29
 44.1 98.2 166.9 243 320.8 396 466.2 529.8 586.2 635.6 678.2 714.7 745.7 771.8 793.8 812.2 827.5 840.2 850.8 859.6 866.9 872.9 877.8 881.9 885.3 888.1 890.4 896.7
#_Selectivity_fishery_scaled_to_max_at_one 2 3 4 5 6 7 8 9 10 11 12 13 14 15 16 17 18 19 20 21 22 23 24 25 26 27 28 29
 0.000799075 0.009662 0.0373026 0.0902441 0.168993 0.269131 0.383273 0.502939 0.619985 0.727508 0.8203 0.894963 0.94979 0.984513 1 0.997933 0.980523 0.950255 0.909693 0.861328 0.807474 0.750198 0.691288 0.632239 0.57426 0.518293 0.465042 0.414994
#_Numbers_at_age_end_year 2 3 4 5 6 7 8 9 10 11 12 13 14 15 16 17 18 19 20 21 22 23 24 25 26 27 28 29
 84.0734 110.602 205.24 58.3454 79.5558 55.7245 74.1571 28.4308 69.6442 31.649 85.6675 51.2871 62.2504 23.3763 27.2828 14.8089 32.1977 19.7874 32.3494 19.2613 27.7575 12.2651 8.875 13.5297 11.1186 4.41753 4.92804 51.7289
#_N_recruitment_years
40
#_Recruitment_start_at_1977_yearclass=1979_for_age_2_recruits 1979 1980 1981 1982 1983 1984 1985 1986 1987 1988 1989 1990 1991 1992 1993 1994 1995 1996 1997 1998 1999 2000 2001 2002 2003 2004 2005 2006 2007 2008 2009 2010 2011 2012 2013 2014 2015 2016 2017 2018
 44.4629 39.1433 40.6143 52.0261 53.3898 55.555 80.342 120.774 112.743 176.121 138.034 109.953 54.3574 65.0536 66.7382 75.1986 61.039 138.369 151.075 88.7322 109.736 222.337 138.211 207.952 113.829 165.379 67.7223 110.798 84.1715 198.643 145.129 215.364 70.905 139.657 51.3121 121.218 83.0357 108.719 73.4819 239.024
#_Spawners per recruitment (starting at 1977)
 40.061 35.8433 36.6192 37.0658 36.255 35.4169 36.7794 39.5394 42.7593 47.141 51.235 54.586 56.5998 57.9244 59.8955 66.0909 74.3541 86.2752 99.7805 112.136 122.223 129.625 134.973 137.992 140.535 143.211 146.719 152.218 158.925 167.196 175.85 185.627 195.869 205.126 211.665 216.967 220.585 224.485 226.878 229.51 230.379 229.894
