#Species name here:
Model_1_goa_pop_2023.dat
#SSL Species?
0
#Constant buffer of Dorn?
0
#Number of fisheries?
1
#Number of sexes?
1
#5year_Average_F(endyr-4,endyr_as_estimated_by_ADmodel)
0.063883
#_Author_F_as_fraction_F_40%
1
#ABC SPR
0.4
#MSY SPR
0.35
#_Spawn_month
5
#_Number_of_ages
28
#_F_ratio(must_sum_to_one_only_one_fishery)
1
#_Natural_Mortality 2 3 4 5 6 7 8 9 10 11 12 13 14 15 16 17 18 19 20 21 22 23 24 25 26 27 28 29
 0.07 0.07 0.07 0.07 0.07 0.07 0.07 0.07 0.07 0.07 0.07 0.07 0.07 0.07 0.07 0.07 0.07 0.07 0.07 0.07 0.07 0.07 0.07 0.07 0.07 0.07 0.07 0.07
#_Maturity_divided_by_2(projection_program_uses_to_get_female_spawning_biomass_if_divide_by_2 2 3 4 5 6 7 8 9 10 11 12 13 14 15 16 17 18 19 20 21 22 23 24 25 26 27 28 29
 0.00657105 0.0127563 0.0246193 0.0469894 0.0878553 0.158356 0.268761 0.417919 0.583771 0.732603 0.842568 0.9127 0.953321 0.975547 0.987331 0.993474 0.996649 0.998282 0.99912 0.999549 0.999769 0.999882 0.999939 0.999969 0.999984 0.999992 0.999996 0.999998
#_Wt_at_age_spawners 2 3 4 5 6 7 8 9 10 11 12 13 14 15 16 17 18 19 20 21 22 23 24 25 26 27 28 29
 44.3 98.3 166.7 242.5 320 395 464.9 528.2 584.5 633.8 676.3 712.7 743.6 769.7 791.7 810 825.4 838.1 848.7 857.5 864.7 870.8 875.7 879.8 883.2 886 888.3 894.6
#_Wt_at_age_fishery 2 3 4 5 6 7 8 9 10 11 12 13 14 15 16 17 18 19 20 21 22 23 24 25 26 27 28 29
 44.3 98.3 166.7 242.5 320 395 464.9 528.2 584.5 633.8 676.3 712.7 743.6 769.7 791.7 810 825.4 838.1 848.7 857.5 864.7 870.8 875.7 879.8 883.2 886 888.3 894.6
#_Selectivity_fishery_scaled_to_max_at_one 2 3 4 5 6 7 8 9 10 11 12 13 14 15 16 17 18 19 20 21 22 23 24 25 26 27 28 29
 0.0011391 0.0115666 0.0408496 0.0936232 0.16931 0.263571 0.369997 0.481533 0.591486 0.694157 0.785141 0.861402 0.9212 0.963918 0.989853 1 0.995839 0.979156 0.951889 0.916005 0.873411 0.825886 0.77504 0.72229 0.66885 0.615733 0.563763 0.513584
#_Numbers_at_age_end_year 2 3 4 5 6 7 8 9 10 11 12 13 14 15 16 17 18 19 20 21 22 23 24 25 26 27 28 29
 81.0572 75.6802 60.7925 59.9 92.8703 129.232 38.6418 64.028 61.0144 80.1971 27.0525 65.6211 25.9763 63.2828 35.5589 43.5589 17.635 22.1314 11.7364 26.7665 16.1633 27.282 15.6695 23.1525 10.3862 7.41757 11.2275 59.4647
#_N_recruitment_years
43
#_Recruitment_start_at_1977_yearclass=1979_for_age_2_recruits 1979 1980 1981 1982 1983 1984 1985 1986 1987 1988 1989 1990 1991 1992 1993 1994 1995 1996 1997 1998 1999 2000 2001 2002 2003 2004 2005 2006 2007 2008 2009 2010 2011 2012 2013 2014 2015 2016 2017 2018 2019 2020 2021
 40.6779 35.8735 37.2641 47.7307 48.5738 52.0622 75.728 114.171 104.457 162.307 126.665 102.754 52.0837 62.0903 62.0328 73.1109 58.0406 138.942 147.319 88.0173 111.498 225.156 138.232 218.427 117.329 175.707 69.4178 117.498 83.7637 184.624 134.228 212.503 77.5861 174.516 64.2137 170.544 116.82 111.016 61.0551 187.237 124.091 74.1656 69.9887
#_Spawners per recruitment (starting at 1977)
 37.8243 33.6432 34.4433 34.9137 34.1167 33.2761 34.6278 37.3698 40.5745 44.9493 49.0518 52.4244 54.4555 55.7844 57.7477 63.9341 72.1735 84.0678 97.5642 109.972 120.24 127.986 133.838 137.485 140.764 144.299 148.806 155.474 163.542 173.393 183.877 195.72 208.283 220.008 228.996 236.556 242.082 247.478 250.99 254.632 256.772 258.224 258.438 257.297 255.419
