# Number of parameters = 169 Objective function value = 275.684432070101  Maximum gradient component = 6.79109069738566e-05
# log_mean_rec:
3.79344362842
# sigr:
0.861398365523
# a50:
2.52233801833
# delta:
5.06473845036
# a502:
6.33602196927
# delta2:
2.04365116797
# a503:
2.75424959839
# delta3:
9.29337644476
# a50_srv1:
4.98941512333
# delta_srv1:
5.60006976476
# a50_srv2:
7.30000000000
# delta_srv2:
3.80000000000
# log_avg_F:
-2.28703855804
# log_F_devs:
 -1.07933246308 0.185102530423 0.791003164822 1.44668672778 2.02428823563 1.61156683942 1.25379007501 1.24503074230 1.05648895746 0.638831490751 1.22869065883 1.32496379181 1.13965623612 1.20816574122 1.43430285229 1.64463364793 1.30094971477 0.411933515675 0.469178960208 0.791426897982 0.853742337832 0.223001670473 -0.484470676639 -0.606784766555 -1.95197225225 -1.04673134955 -0.408745364366 0.191078915906 0.505646578169 0.595434223796 -0.168351130204 -0.311519001219 -1.63783123905 -1.93851665702 -0.953614050491 -0.503130747799 -0.454115903402 -0.569676914196 -0.428668398476 -0.464903548565 -0.399799797385 -0.320569161058 -0.420349876593 -0.383560821342 -0.467886655743 -0.342139007634 -0.643445373882 -0.742149628042 -0.762108543394 -0.627140194066 -0.761273288963 -0.748852309136 -0.899764921719 -0.633427655579 -0.593907698472 -0.398356114303 -0.358853131080 -0.319205867068 -0.280168820386 -0.278118595891 -0.116677793175 -0.0682373955606 -0.00123852311280
# mat_a50:
9.49480975608
# mat_delta:
0.669595255109
# log_rec_dev:
 -0.404159756194 -0.418598978739 -0.429443252716 -0.438776142180 -0.447777810048 -0.456754107946 -0.463325482118 -0.467995424126 -0.471188579145 -0.471716934876 -0.467973440800 -0.459280002712 -0.444108628601 -0.420095525046 -0.384897141335 -0.335638649470 -0.269683854002 -0.186682450533 -0.0923935441215 -0.00452188698546 0.0532116874120 0.0830471040752 3.41918500429 0.213587104228 0.218999661828 3.45978515138 0.188594964803 0.368319734947 1.60329744875 0.557716450947 0.542100281096 1.84490898912 0.714336998538 0.405536825149 0.0238619986356 0.0980469838117 -0.179803649950 -0.575175392043 -0.767590630151 -0.891145744300 -0.976593337046 -1.00275277414 -0.813583444515 -0.262478868367 -0.596338447331 -0.727849372720 -0.688416342073 -0.409184406265 -0.415383705807 -0.364752334835 0.0126637294689 0.423579453421 0.317748173504 0.777366403762 0.522975502757 0.338679107701 -0.391172688744 -0.166829060155 -0.181116694992 0.0103657815952 -0.269093219556 0.660139749189 0.711316354875 0.173286777658 0.420747687351 1.13801305159 0.623164356984 1.10955170600 0.449167229715 0.902204870263 -0.111358697606 0.500792441171 0.105335227657 0.951645708030 0.599353675403 1.09963213269 -0.00330256417764 0.910296701550 -0.214547806125 0.879579383107 0.461523203846 0.424806360072 -0.264569417401 0.981501302405 0.535433361096 -0.0730247121927 -0.148475475824 0.00336261876639 0.00198090968907
# log_q_srv1:
0.890198469890
# log_q_srv2:
0.00000000000
# cv_cpue:
0.00000000000
# logm:
-2.99573227355
# mF50:
0.0509900809979
# mF40:
0.0718946589051
# mF35:
0.0857864929653
