#Species name here:
Model_1_goa_pop_2023.dat
#SSL Species?
0
#Constant buffer of Dorn?
0
#Number of fisheries?
1
#Number of sexes?
1
#5year_Average_F(endyr-4,endyr_as_estimated_by_ADmodel)
0.0880693
#_Author_F_as_fraction_F_40%
1
#ABC SPR
0.4
#MSY SPR
0.35
#_Spawn_month
5
#_Number_of_ages
28
#_F_ratio(must_sum_to_one_only_one_fishery)
1
#_Natural_Mortality 2 3 4 5 6 7 8 9 10 11 12 13 14 15 16 17 18 19 20 21 22 23 24 25 26 27 28 29
 0.05 0.05 0.05 0.05 0.05 0.05 0.05 0.05 0.05 0.05 0.05 0.05 0.05 0.05 0.05 0.05 0.05 0.05 0.05 0.05 0.05 0.05 0.05 0.05 0.05 0.05 0.05 0.05
#_Maturity_divided_by_2(projection_program_uses_to_get_female_spawning_biomass_if_divide_by_2 2 3 4 5 6 7 8 9 10 11 12 13 14 15 16 17 18 19 20 21 22 23 24 25 26 27 28 29
 0.00657105 0.0127563 0.0246193 0.0469894 0.0878553 0.158356 0.268761 0.417919 0.583771 0.732603 0.842568 0.9127 0.953321 0.975547 0.987331 0.993474 0.996649 0.998282 0.99912 0.999549 0.999769 0.999882 0.999939 0.999969 0.999984 0.999992 0.999996 0.999998
#_Wt_at_age_spawners 2 3 4 5 6 7 8 9 10 11 12 13 14 15 16 17 18 19 20 21 22 23 24 25 26 27 28 29
 44.3 98.3 166.7 242.5 320 395 464.9 528.2 584.5 633.8 676.3 712.7 743.6 769.7 791.7 810 825.4 838.1 848.7 857.5 864.7 870.8 875.7 879.8 883.2 886 888.3 894.6
#_Wt_at_age_fishery 2 3 4 5 6 7 8 9 10 11 12 13 14 15 16 17 18 19 20 21 22 23 24 25 26 27 28 29
 44.3 98.3 166.7 242.5 320 395 464.9 528.2 584.5 633.8 676.3 712.7 743.6 769.7 791.7 810 825.4 838.1 848.7 857.5 864.7 870.8 875.7 879.8 883.2 886 888.3 894.6
#_Selectivity_fishery_scaled_to_max_at_one 2 3 4 5 6 7 8 9 10 11 12 13 14 15 16 17 18 19 20 21 22 23 24 25 26 27 28 29
 0.00133335 0.0132004 0.045837 0.103645 0.18527 0.285425 0.396848 0.51185 0.623379 0.725627 0.814289 0.88658 0.941099 0.97761 0.996794 1 0.989018 0.965886 0.932735 0.891669 0.844675 0.793569 0.739961 0.685236 0.630555 0.576864 0.524907 0.475248
#_Numbers_at_age_end_year 2 3 4 5 6 7 8 9 10 11 12 13 14 15 16 17 18 19 20 21 22 23 24 25 26 27 28 29
 44.4971 42.3801 34.5911 35.3315 61.1778 89.4218 23.8669 43.7368 41.3674 56.8394 17.1034 47.116 16.8579 45.2764 24.4933 31.1488 11.9863 16.0309 7.86583 19.7231 11.4692 20.3805 11.5192 17.7037 7.91814 5.65193 8.83879 50.1103
#_N_recruitment_years
43
#_Recruitment_start_at_1977_yearclass=1979_for_age_2_recruits 1979 1980 1981 1982 1983 1984 1985 1986 1987 1988 1989 1990 1991 1992 1993 1994 1995 1996 1997 1998 1999 2000 2001 2002 2003 2004 2005 2006 2007 2008 2009 2010 2011 2012 2013 2014 2015 2016 2017 2018 2019 2020 2021
 24.4616 21.4472 22.3098 29.4961 29.3138 30.8363 44.975 67.8313 61.0194 96.6223 74.9199 62.3101 30.0322 37.5854 37.0522 44.8718 33.9317 85.9343 90.4466 52.8116 67.6394 138.581 82.8149 134.693 69.5893 109.47 39.7291 73.2762 49.3422 115.018 80.8663 133.363 44.2626 110.359 35.834 107.021 70.4545 67.9145 34.0856 118.504 75.859 41.2817 38.2816
#_Spawners per recruitment (starting at 1977)
 29.6422 24.7732 24.8287 24.5155 22.8874 21.1766 21.634 23.4559 25.7159 29.139 32.3155 34.7494 35.7306 35.7524 36.0117 39.9421 45.3715 53.9709 63.9784 73.069 80.5354 86.2238 90.7534 93.5826 96.2386 99.0343 102.463 107.622 113.764 121.308 129.138 138.146 147.908 157.207 164.379 170.794 175.722 180.791 183.982 187.162 188.765 189.748 189.713 188.567 186.871
