# Number of parameters = 170 Objective function value = 267.668553220677  Maximum gradient component = 6.06302152358988e-05
# log_mean_rec:
4.44924437365
# sigr:
0.764437535055
# a50:
2.52386669946
# delta:
5.02752081095
# a502:
6.29648090150
# delta2:
1.95816220888
# a503:
2.79871444091
# delta3:
9.68238189220
# a50_srv1:
5.48011353488
# delta_srv1:
5.81915974920
# a50_srv2:
7.30000000000
# delta_srv2:
3.80000000000
# log_avg_F:
-2.61309606309
# log_F_devs:
 -0.803635166553 0.450569596350 1.05606400029 1.70900051926 2.26280827462 1.84261419923 1.47970419653 1.46458860416 1.27731742289 0.855154144975 1.44132159412 1.53683487996 1.33834451318 1.38585666147 1.57678658268 1.72267250840 1.30223817933 0.363934958108 0.395122006617 0.677843126809 0.685956740947 0.0182401909237 -0.690829590928 -0.798090463884 -2.11997747075 -1.19065413375 -0.538388570792 0.0613855291680 0.359485305604 0.425350834806 -0.352079110216 -0.489075323740 -1.80112350886 -2.07863152678 -1.07495656076 -0.605081073233 -0.549492934356 -0.658613323681 -0.512919532289 -0.544603472243 -0.475291281708 -0.392283752295 -0.486452376361 -0.444947755363 -0.525322840365 -0.396173702477 -0.667471388599 -0.759613091980 -0.771719295650 -0.631132470732 -0.760085596655 -0.742973170643 -0.889812409469 -0.618918908341 -0.576753582262 -0.380084553258 -0.342236147285 -0.303828108235 -0.266132828313 -0.266420181084 -0.109502896336 -0.0666493895950 -0.00723761500528
# mat_a50:
9.49480977171
# mat_delta:
0.669595252366
# log_rec_dev:
 -0.300669383178 -0.318149891303 -0.333233824643 -0.347273645737 -0.361273928072 -0.375552034949 -0.388078070862 -0.399049445055 -0.408966922551 -0.416709429500 -0.420606273416 -0.420050542591 -0.413538655726 -0.398683743246 -0.373178955121 -0.334083070725 -0.278509358345 -0.205231849850 -0.117567018911 -0.0281849415006 0.0448486748890 0.104724836819 2.90989644922 0.334131317146 0.341957217122 2.94282178123 0.226559201466 0.423298649885 0.845043434968 0.445616105755 0.489449361669 1.17385223950 0.597751823433 0.0380523059666 -0.283901411536 -0.253287050539 -0.417016638997 -0.706662138378 -0.848857638285 -0.939727324966 -1.00396009863 -1.01705421173 -0.841689869202 -0.402674484236 -0.664848828520 -0.790210570843 -0.752947952222 -0.509568291828 -0.490405844868 -0.421708140388 -0.0492428281612 0.362369765599 0.274414109706 0.715169689424 0.465993105295 0.252494962292 -0.418586514130 -0.249799087560 -0.250540816786 -0.0880538374142 -0.314802932523 0.551229520316 0.611173259425 0.0974836436455 0.331415870382 1.03519961748 0.546354999573 1.00369881824 0.382238670090 0.783652608500 -0.139307218415 0.379429101844 0.0443920130694 0.830252916021 0.512076752389 0.968408140407 -0.0317331202734 0.768471342086 -0.218517387070 0.744553386081 0.368262506526 0.314743230324 -0.272744254767 0.826219807984 0.415253809683 -0.0859223286010 -0.142970903171 0.00354718536779 0.00200209340967
# log_q_srv1:
0.551644709285
# log_q_srv2:
0.00000000000
# cv_cpue:
0.00000000000
# logm:
-2.59903963086
# mF50:
0.0692291098911
# mF40:
0.0990105376495
# mF35:
0.119243493440
