# Number of parameters = 169 Objective function value = 260.210796277617  Maximum gradient component = 2.87273778512673e-05
# log_mean_rec:
5.77858918954
# sigr:
0.581767345188
# a50:
2.56676419327
# delta:
5.18346899341
# a502:
6.31742303982
# delta2:
1.84989976722
# a503:
2.99090384040
# delta3:
11.7880043958
# a50_srv1:
7.43950845184
# delta_srv1:
6.95698841092
# a50_srv2:
7.30000000000
# delta_srv2:
3.80000000000
# log_avg_F:
-3.31889027143
# log_F_devs:
 -0.417626446736 0.942990582085 1.63638448833 2.22826036459 2.70649281812 2.25646165408 1.84834976258 1.78230364885 1.55238355985 1.10040263262 1.65274352640 1.68560243317 1.40667975506 1.36061522578 1.42367941266 1.39800922760 0.837877570617 -0.159388240011 -0.138529392918 0.122307441792 0.100517312123 -0.567889382177 -1.23832442467 -1.29273898626 -2.55585342223 -1.57125483660 -0.877328051449 -0.254614139826 0.0479859077485 0.112974855038 -0.654693568894 -0.766148726274 -2.04638590751 -2.28581712471 -1.24867227105 -0.719294614552 -0.648021177604 -0.742762270118 -0.585524280628 -0.606252387418 -0.526622482829 -0.434076215546 -0.516754528925 -0.465374475957 -0.536968750710 -0.400152599247 -0.481016953184 -0.560383904553 -0.558766502085 -0.407566941355 -0.526789273402 -0.501048894870 -0.640217594952 -0.361434461746 -0.313563056715 -0.112987678133 -0.0740156922978 -0.0342235103833 0.00483209812121 0.00476722045665 0.160041663409 0.200477885435 0.255940884782
# mat_a50:
9.49480977903
# mat_delta:
0.669595250129
# log_rec_dev:
 -0.135340382847 -0.151607886362 -0.168150081550 -0.185209277109 -0.203328651923 -0.222838691135 -0.242598114846 -0.262449710220 -0.282828908784 -0.302894341412 -0.321221684264 -0.337259477474 -0.349588439181 -0.355931330531 -0.353892343584 -0.340016298657 -0.309915025052 -0.258159881492 -0.177984280192 -0.0608775761031 0.108826781741 0.377309665897 0.820251518818 1.57611147913 0.431189847114 1.84565465653 0.297214437617 0.0491585768057 0.0347748976288 -0.0240965191577 0.136160192814 0.462171723405 0.216528027050 -0.209295690982 -0.436538090421 -0.397996173397 -0.425229771058 -0.568209558789 -0.659449773002 -0.729160730221 -0.781911791671 -0.794324172404 -0.665302990916 -0.385522088474 -0.568220148346 -0.679223460118 -0.655466827645 -0.478295713492 -0.439747505137 -0.354943662853 -0.0120791699143 0.378400729668 0.314363422675 0.712686822451 0.464351840462 0.199113788062 -0.354133034433 -0.281669596480 -0.274641632064 -0.152501477368 -0.289948939298 0.442988437979 0.521487454096 0.0604796676746 0.257581841124 0.928654416713 0.491717752684 0.885581496170 0.336658218453 0.642138401030 -0.116170920350 0.242492804621 0.0101160721393 0.681534176917 0.427247226135 0.798624493155 -0.0139854508669 0.579619802915 -0.161799131772 0.561382312500 0.255360719209 0.180460002999 -0.240473542001 0.553431680038 0.222201546724 -0.0925980186437 -0.128987256166 0.00409001007248 0.00217308308212
# log_q_srv1:
0.0133631964246
# log_q_srv2:
0.00000000000
# cv_cpue:
0.00000000000
# logm:
-2.04022082853
# mF50:
0.141378670486
# mF40:
0.212019491005
# mF35:
0.262098330422
