#Species name here:
Model_1_goa_pop_2023.dat
#SSL Species?
0
#Constant buffer of Dorn?
0
#Number of fisheries?
1
#Number of sexes?
1
#5year_Average_F(endyr-4,endyr_as_estimated_by_ADmodel)
0.0639861
#_Author_F_as_fraction_F_40%
1
#ABC SPR
0.4
#MSY SPR
0.35
#_Spawn_month
5
#_Number_of_ages
28
#_F_ratio(must_sum_to_one_only_one_fishery)
1
#_Natural_Mortality 2 3 4 5 6 7 8 9 10 11 12 13 14 15 16 17 18 19 20 21 22 23 24 25 26 27 28 29
 0.0743223 0.0743223 0.0743223 0.0743223 0.0743223 0.0743223 0.0743223 0.0743223 0.0743223 0.0743223 0.0743223 0.0743223 0.0743223 0.0743223 0.0743223 0.0743223 0.0743223 0.0743223 0.0743223 0.0743223 0.0743223 0.0743223 0.0743223 0.0743223 0.0743223 0.0743223 0.0743223 0.0743223
#_Maturity_divided_by_2(projection_program_uses_to_get_female_spawning_biomass_if_divide_by_2 2 3 4 5 6 7 8 9 10 11 12 13 14 15 16 17 18 19 20 21 22 23 24 25 26 27 28 29
 0.00657105 0.0127563 0.0246193 0.0469894 0.0878553 0.158356 0.268761 0.417919 0.583771 0.732603 0.842568 0.9127 0.953321 0.975547 0.987331 0.993474 0.996649 0.998282 0.99912 0.999549 0.999769 0.999882 0.999939 0.999969 0.999984 0.999992 0.999996 0.999998
#_Wt_at_age_spawners 2 3 4 5 6 7 8 9 10 11 12 13 14 15 16 17 18 19 20 21 22 23 24 25 26 27 28 29
 44.3 98.3 166.7 242.5 320 395 464.9 528.2 584.5 633.8 676.3 712.7 743.6 769.7 791.7 810 825.4 838.1 848.7 857.5 864.7 870.8 875.7 879.8 883.2 886 888.3 894.6
#_Wt_at_age_fishery 2 3 4 5 6 7 8 9 10 11 12 13 14 15 16 17 18 19 20 21 22 23 24 25 26 27 28 29
 44.3 98.3 166.7 242.5 320 395 464.9 528.2 584.5 633.8 676.3 712.7 743.6 769.7 791.7 810 825.4 838.1 848.7 857.5 864.7 870.8 875.7 879.8 883.2 886 888.3 894.6
#_Selectivity_fishery_scaled_to_max_at_one 2 3 4 5 6 7 8 9 10 11 12 13 14 15 16 17 18 19 20 21 22 23 24 25 26 27 28 29
 0.00110105 0.0111627 0.0394468 0.0905427 0.164063 0.255987 0.360249 0.470091 0.579035 0.681494 0.773087 0.850729 0.91257 0.957853 0.986718 1 0.999033 0.985473 0.96115 0.927949 0.887717 0.842196 0.792977 0.741478 0.688923 0.636349 0.584608 0.53438
#_Numbers_at_age_end_year 2 3 4 5 6 7 8 9 10 11 12 13 14 15 16 17 18 19 20 21 22 23 24 25 26 27 28 29
 85.5821 79.5688 63.7506 62.5035 95.3037 132.087 40.1445 65.6379 62.4664 81.6591 27.7933 66.3816 26.4287 63.7015 35.7468 43.5845 17.6387 21.9697 11.6756 26.3652 15.8748 26.6623 15.2358 22.4239 10.0024 7.12921 10.7324 55.3469
#_N_recruitment_years
43
#_Recruitment_start_at_1977_yearclass=1979_for_age_2_recruits 1979 1980 1981 1982 1983 1984 1985 1986 1987 1988 1989 1990 1991 1992 1993 1994 1995 1996 1997 1998 1999 2000 2001 2002 2003 2004 2005 2006 2007 2008 2009 2010 2011 2012 2013 2014 2015 2016 2017 2018 2019 2020 2021
 43.7821 38.6054 40.0491 51.0611 52.0913 55.8554 81.3106 122.97 112.392 175.081 136.984 110.322 56.2699 66.5987 66.5258 78.263 62.3265 148.254 157.388 94.1332 118.945 240.437 147.478 233.074 125.194 187.102 74.2946 124.891 89.2967 196.021 142.571 225.084 82.7345 184.33 68.6301 179.996 123.521 117.109 65.0254 195.431 129.524 78.39 74.0295
#_Spawners per recruitment (starting at 1977)
 39.7631 35.5774 36.395 36.8891 36.1262 35.3304 36.7294 39.5184 42.7586 47.1592 51.2734 54.6501 56.6993 58.0845 60.1645 66.5315 75.0197 87.204 100.994 113.65 124.061 131.828 137.591 141.081 144.184 147.563 151.959 158.563 166.605 176.459 186.965 198.824 211.36 222.981 231.771 239.046 244.225 249.25 252.399 255.693 257.489 258.584 258.418 256.876 254.587
