#Species name here:
Model_1_goa_pop_2023.dat
#SSL Species?
0
#Constant buffer of Dorn?
0
#Number of fisheries?
1
#Number of sexes?
1
#5year_Average_F(endyr-4,endyr_as_estimated_by_ADmodel)
0.0288532
#_Author_F_as_fraction_F_40%
1
#ABC SPR
0.4
#MSY SPR
0.35
#_Spawn_month
5
#_Number_of_ages
28
#_F_ratio(must_sum_to_one_only_one_fishery)
1
#_Natural_Mortality 2 3 4 5 6 7 8 9 10 11 12 13 14 15 16 17 18 19 20 21 22 23 24 25 26 27 28 29
 0.23 0.23 0.23 0.23 0.23 0.23 0.23 0.23 0.23 0.23 0.23 0.23 0.23 0.23 0.23 0.23 0.23 0.23 0.23 0.23 0.23 0.23 0.23 0.23 0.23 0.23 0.23 0.23
#_Maturity_divided_by_2(projection_program_uses_to_get_female_spawning_biomass_if_divide_by_2 2 3 4 5 6 7 8 9 10 11 12 13 14 15 16 17 18 19 20 21 22 23 24 25 26 27 28 29
 0.00631765 0.0123177 0.0238793 0.0457897 0.0860319 0.155864 0.265889 0.415364 0.582225 0.73217 0.842826 0.913185 0.953775 0.975888 0.987561 0.99362 0.996737 0.998334 0.99915 0.999566 0.999779 0.999887 0.999943 0.999971 0.999985 0.999992 0.999996 0.999998
#_Wt_at_age_spawners 2 3 4 5 6 7 8 9 10 11 12 13 14 15 16 17 18 19 20 21 22 23 24 25 26 27 28 29
 44.3 98.3 166.7 242.5 320 395 464.9 528.2 584.5 633.8 676.3 712.7 743.6 769.7 791.7 810 825.4 838.1 848.7 857.5 864.7 870.8 875.7 879.8 883.2 886 888.3 894.6
#_Wt_at_age_fishery 2 3 4 5 6 7 8 9 10 11 12 13 14 15 16 17 18 19 20 21 22 23 24 25 26 27 28 29
 44.3 98.3 166.7 242.5 320 395 464.9 528.2 584.5 633.8 676.3 712.7 743.6 769.7 791.7 810 825.4 838.1 848.7 857.5 864.7 870.8 875.7 879.8 883.2 886 888.3 894.6
#_Selectivity_fishery_scaled_to_max_at_one 2 3 4 5 6 7 8 9 10 11 12 13 14 15 16 17 18 19 20 21 22 23 24 25 26 27 28 29
 6.28371e-05 0.000926908 0.00420969 0.0118032 0.0254084 0.0462761 0.0750997 0.112008 0.156623 0.208147 0.265467 0.32726 0.392087 0.458477 0.524997 0.590301 0.653176 0.712562 0.76757 0.817485 0.861768 0.900044 0.932092 0.957831 0.977303 0.990653 0.998117 1
#_Numbers_at_age_end_year 2 3 4 5 6 7 8 9 10 11 12 13 14 15 16 17 18 19 20 21 22 23 24 25 26 27 28 29
 3568.16 2843.04 1966.39 1608.22 1441.14 1405.47 704.452 723.109 608.683 597.829 307.283 383.024 214.731 297.331 182.909 168.827 79.0155 70.245 45.2265 61.0866 40.1087 48.5152 29.5292 32.8557 14.0409 9.6579 11.0275 25.8471
#_N_recruitment_years
43
#_Recruitment_start_at_1977_yearclass=1979_for_age_2_recruits 1979 1980 1981 1982 1983 1984 1985 1986 1987 1988 1989 1990 1991 1992 1993 1994 1995 1996 1997 1998 1999 2000 2001 2002 2003 2004 2005 2006 2007 2008 2009 2010 2011 2012 2013 2014 2015 2016 2017 2018 2019 2020 2021
 2454.49 2277.14 2294.1 2528.31 2574.66 2713.65 3505.64 4829.2 4819.93 6669.95 5261.26 3900.73 2709.94 2664.48 2673.92 3013.48 2887.5 4943.78 5602.51 3828.99 4344.04 7933.66 5566.39 7141.15 4611.26 5487.41 3175.85 3858.41 3397.77 5689.2 4835.85 6175.4 3508.38 4930.04 3120.36 4796.19 3863.12 3634.89 2807.48 4444.4 3618.11 3206.85 3115.01
#_Spawners per recruitment (starting at 1977)
 895.101 866.163 840.906 814.999 788.805 764.875 746.453 733.304 724.411 719.832 717.838 719.372 726.494 743.12 773.39 821.983 884.699 956.403 1024.37 1074.75 1099.11 1097.98 1080.3 1057.79 1042.89 1043.66 1063.27 1101.02 1151.54 1211.16 1274.32 1334.78 1382.59 1409.73 1413.35 1399.93 1377.6 1357.59 1343.5 1336.74 1330.39 1319.83 1301.85 1277.21 1248.66
