# Number of parameters = 169 Objective function value = 268.693002970327  Maximum gradient component = 8.26832068643266e-05
# log_mean_rec:
4.39320896873
# sigr:
0.780767611456
# a50:
2.51968330214
# delta:
5.01408387549
# a502:
6.33841295579
# delta2:
1.99029784636
# a503:
2.78449149434
# delta3:
9.53241042139
# a50_srv1:
5.31583923071
# delta_srv1:
5.69056786496
# a50_srv2:
7.30000000000
# delta_srv2:
3.80000000000
# log_avg_F:
-2.58234081874
# log_F_devs:
 -0.880700954892 0.461605971729 1.14161237178 1.71654263142 2.23328702746 1.83717973008 1.48058958300 1.46426699614 1.27774544208 0.855929452752 1.44218385772 1.53829041645 1.34013656577 1.38917160043 1.58469542089 1.73950177294 1.32464629487 0.389871909918 0.421470207883 0.706251068981 0.717848187003 0.0517250970514 -0.658881389772 -0.769291115930 -2.09541141225 -1.17011473116 -0.520588622551 0.0779019307440 0.376049371565 0.442886896676 -0.334468988443 -0.472778145067 -1.78679626305 -2.06714879419 -1.06650393059 -0.602773899719 -0.548132302698 -0.658208002673 -0.513286873776 -0.545864949482 -0.477426460933 -0.395280639625 -0.490318817489 -0.449606783997 -0.530638665122 -0.402024518794 -0.684127079612 -0.777299736193 -0.790428065617 -0.650694590981 -0.780581009725 -0.764328434436 -0.912123155391 -0.642044369908 -0.600852865503 -0.405028734628 -0.368202897692 -0.330774584254 -0.294324117870 -0.295666230375 -0.139971723889 -0.0983392711023 -0.0403577699040
# mat_a50:
9.49480976012
# mat_delta:
0.669595259025
# log_rec_dev:
 -0.331865010416 -0.349557933054 -0.364713697308 -0.378491837701 -0.392087124977 -0.405974659455 -0.417884793858 -0.428146992246 -0.437204507124 -0.443860162433 -0.446359658087 -0.444024101643 -0.435084358093 -0.416817031600 -0.386225232317 -0.338991410341 -0.269557177789 -0.171163833773 -0.0362726969786 0.141150972881 0.362593186798 1.55643862652 0.505189358928 2.77040102293 0.115957459496 2.80693955367 0.447869081711 0.578435182197 0.842976686354 0.444973115691 0.503822482821 1.20716981332 0.595625396732 0.0374615388257 -0.274199353521 -0.243853904288 -0.428424704345 -0.725266305356 -0.872781801362 -0.967999647590 -1.03450832910 -1.04817631262 -0.869919758006 -0.419987638238 -0.687524656716 -0.813210225618 -0.775178176824 -0.527633501710 -0.510124763205 -0.440769235241 -0.0660603372560 0.344484967208 0.255567101137 0.696279965196 0.448336511767 0.239130416648 -0.440356001397 -0.264619341131 -0.265545181586 -0.101231696126 -0.332066129573 0.540845154173 0.599392879022 0.0843238962892 0.320799884920 1.02358556969 0.535721763915 0.993244599127 0.371772060308 0.775610765464 -0.153064960380 0.373209951496 0.0347907758338 0.825113249713 0.506328171216 0.965747540380 -0.0418210567587 0.768810045030 -0.230992470550 0.745785653779 0.367423018291 0.316461910027 -0.281432739464 0.839165151223 0.427809074555 -0.0869090293543 -0.144874725551 0.00338566553419 0.00194586281157
# log_q_srv1:
0.559488149821
# log_q_srv2:
0.00000000000
# cv_cpue:
0.00000000000
# logm:
-2.65926003693
# mF50:
0.0657890807980
# mF40:
0.0937320578418
# mF35:
0.112618895345
