# Number of parameters = 169 Objective function value = 338.896739585015  Maximum gradient component = 0.000110571529348353
# log_mean_rec:
1.59591973126
# sigr:
1.64588231152
# a50:
2.54429785513
# delta:
5.32104688683
# a502:
6.45279436197
# delta2:
2.22532053490
# a503:
2.70929874140
# delta3:
8.99798526163
# a50_srv1:
4.37706138554
# delta_srv1:
5.52017551128
# a50_srv2:
7.30000000000
# delta_srv2:
3.80000000000
# log_avg_F:
-1.88153601108
# log_F_devs:
 -1.37181272356 -0.0939610549924 0.501729365829 1.14426281043 1.76388732615 1.36952513066 1.00933767835 1.00051671326 0.798690770763 0.375992813616 0.972383084383 1.05656420756 0.859986778018 0.923975667007 1.15237418349 1.36830901385 1.04901710046 0.196433084942 0.291216174869 0.682135287057 0.857726079985 0.343365644748 -0.310655620362 -0.431280536426 -1.79271580968 -0.912204475036 -0.287641825739 0.318044766245 0.671829560076 0.828110572866 0.118255818998 -0.0204717409189 -1.36212388958 -1.70425875880 -0.752201520619 -0.319787216212 -0.281059141639 -0.407216278018 -0.273553550082 -0.316466517988 -0.256857450687 -0.182004158912 -0.289046893465 -0.259009560141 -0.348447378912 -0.227909407101 -0.546961730552 -0.657169943797 -0.691222242952 -0.565855116948 -0.709069759197 -0.704984385771 -0.863698713380 -0.605981887911 -0.572180415960 -0.378954071794 -0.336845522377 -0.295100292909 -0.254421045924 -0.247652209071 -0.0770128308583 -0.0158434952538 0.0699670195261
# mat_a50:
9.49480975227
# mat_delta:
0.669595244967
# log_rec_dev:
 -0.519135094908 -0.522328372077 -0.519425785273 -0.515054062311 -0.510474403740 -0.505686544543 -0.497952406462 -0.488037903141 -0.476139576950 -0.461014437319 -0.441084265782 -0.415488910819 -0.382522800735 -0.339848486096 -0.284919352677 -0.215066223836 -0.128696380058 -0.0293149885214 0.0667941337771 0.123815213909 0.112126443798 0.0582487647751 5.40829649673 0.0452365277834 0.0583619963495 5.40374496470 0.0315063420883 0.0427961462754 3.94109519638 0.227014257893 0.227932935893 4.11008556660 0.140670798161 2.69835905742 0.116227848843 2.57288374985 0.806215514690 0.893622886922 0.278712237918 -0.00312645552042 -0.117967570635 -0.229287585742 -0.204121687815 1.75090494322 0.189587369980 0.810573889592 0.481845671870 1.22806025228 0.952947917140 1.01639087682 1.43533889666 1.85226786662 1.65049207233 2.19710166842 1.85925816950 1.84533856245 0.657741082540 1.33583559390 1.10054667565 1.53172341969 0.856649610635 2.15617869968 2.14663815676 1.52545132514 1.82249200263 2.59307362949 1.96266857366 2.58394589766 1.69616738066 2.45646016355 0.675545543745 2.08993376613 1.24560079205 2.47272485796 1.91170591221 2.67159252675 0.663265312911 2.55404081789 0.124538788407 2.47708927116 1.75938202641 1.95474899402 0.223131107079 2.58624413537 1.99269739673 0.258934631196 -0.0855970891442 0.00275533159046 0.00151671269721
# log_q_srv1:
1.36276491624
# log_q_srv2:
0.00000000000
# cv_cpue:
0.00000000000
# logm:
-4.60517018599
# mF50:
0.0169995688027
# mF40:
0.0241858801746
# mF35:
0.0289426075536
