#Species name here:
Model_1_goa_pop_2023.dat
#SSL Species?
0
#Constant buffer of Dorn?
0
#Number of fisheries?
1
#Number of sexes?
1
#5year_Average_F(endyr-4,endyr_as_estimated_by_ADmodel)
0.138297
#_Author_F_as_fraction_F_40%
1
#ABC SPR
0.4
#MSY SPR
0.35
#_Spawn_month
5
#_Number_of_ages
28
#_F_ratio(must_sum_to_one_only_one_fishery)
1
#_Natural_Mortality 2 3 4 5 6 7 8 9 10 11 12 13 14 15 16 17 18 19 20 21 22 23 24 25 26 27 28 29
 0.01 0.01 0.01 0.01 0.01 0.01 0.01 0.01 0.01 0.01 0.01 0.01 0.01 0.01 0.01 0.01 0.01 0.01 0.01 0.01 0.01 0.01 0.01 0.01 0.01 0.01 0.01 0.01
#_Maturity_divided_by_2(projection_program_uses_to_get_female_spawning_biomass_if_divide_by_2 2 3 4 5 6 7 8 9 10 11 12 13 14 15 16 17 18 19 20 21 22 23 24 25 26 27 28 29
 0.00657105 0.0127563 0.0246193 0.0469894 0.0878553 0.158356 0.268761 0.417919 0.583771 0.732603 0.842568 0.9127 0.953321 0.975547 0.987331 0.993474 0.996649 0.998282 0.99912 0.999549 0.999769 0.999882 0.999939 0.999969 0.999984 0.999992 0.999996 0.999998
#_Wt_at_age_spawners 2 3 4 5 6 7 8 9 10 11 12 13 14 15 16 17 18 19 20 21 22 23 24 25 26 27 28 29
 44.3 98.3 166.7 242.5 320 395 464.9 528.2 584.5 633.8 676.3 712.7 743.6 769.7 791.7 810 825.4 838.1 848.7 857.5 864.7 870.8 875.7 879.8 883.2 886 888.3 894.6
#_Wt_at_age_fishery 2 3 4 5 6 7 8 9 10 11 12 13 14 15 16 17 18 19 20 21 22 23 24 25 26 27 28 29
 44.3 98.3 166.7 242.5 320 395 464.9 528.2 584.5 633.8 676.3 712.7 743.6 769.7 791.7 810 825.4 838.1 848.7 857.5 864.7 870.8 875.7 879.8 883.2 886 888.3 894.6
#_Selectivity_fishery_scaled_to_max_at_one 2 3 4 5 6 7 8 9 10 11 12 13 14 15 16 17 18 19 20 21 22 23 24 25 26 27 28 29
 0.00177388 0.0165789 0.05553 0.122191 0.213585 0.322748 0.44108 0.560052 0.672269 0.771994 0.855294 0.919943 0.965186 0.991443 1 0.992732 0.971854 0.939724 0.898692 0.85099 0.798657 0.743497 0.68706 0.630635 0.575268 0.521773 0.47076 0.42266
#_Numbers_at_age_end_year 2 3 4 5 6 7 8 9 10 11 12 13 14 15 16 17 18 19 20 21 22 23 24 25 26 27 28 29
 4.94035 4.89595 4.4264 6.1348 33.7938 58.7995 5.24543 27.6845 20.9827 39.1627 3.36117 34.2248 4.62147 30.8142 12.9338 20.4352 5.43295 11.5419 2.58263 14.2384 6.2354 14.2729 7.23811 12.8106 5.56184 3.85819 6.67942 42.704
#_N_recruitment_years
43
#_Recruitment_start_at_1977_yearclass=1979_for_age_2_recruits 1979 1980 1981 1982 1983 1984 1985 1986 1987 1988 1989 1990 1991 1992 1993 1994 1995 1996 1997 1998 1999 2000 2001 2002 2003 2004 2005 2006 2007 2008 2009 2010 2011 2012 2013 2014 2015 2016 2017 2018 2019 2020 2021
 5.9626 11.095 7.9866 16.8438 12.7926 13.6305 20.7233 31.4434 25.698 44.3903 31.6639 31.2262 9.52253 18.7605 14.8272 22.8201 11.6182 42.6104 42.2058 22.6775 30.5209 65.9564 35.1136 65.3571 26.8989 57.5342 9.69359 39.8791 17.1418 58.4776 33.3689 71.3439 9.57528 63.4315 5.58709 58.7334 28.6542 34.8366 6.166 65.5074 36.184 6.39077 4.52819
#_Spawners per recruitment (starting at 1977)
 25.6147 20.7465 20.4706 19.4574 16.7356 13.7151 12.9419 13.6219 14.8166 17.2478 19.4881 20.977 20.9197 19.6736 18.2858 19.9946 22.6733 28.0279 34.5997 40.3922 44.9936 48.444 51.3778 53.0568 54.7457 56.4824 58.5597 62.0007 66.0696 71.2011 76.3194 82.5251 89.5191 96.4231 101.803 107.093 111.474 116.341 119.436 122.476 123.922 124.816 124.886 124.073 122.855
