# Number of parameters = 169 Objective function value = 336.876681380477  Maximum gradient component = 9.18656437337322e-05
# log_mean_rec:
1.59135843485
# sigr:
1.67378503211
# a50:
2.54961550196
# delta:
5.35723757006
# a502:
6.38411243208
# delta2:
2.18270750666
# a503:
2.71422365689
# delta3:
9.04528481895
# a50_srv1:
4.56452045248
# delta_srv1:
5.83087235167
# a50_srv2:
7.30000000000
# delta_srv2:
3.80000000000
# log_avg_F:
-1.87749025803
# log_F_devs:
 -1.37784969729 -0.115203475894 0.474011995574 1.12111555436 1.74101408088 1.35242093036 0.985943828249 0.973400790842 0.801730123384 0.364981593243 0.946772541895 1.05177692713 0.865894171616 0.917221493242 1.15407037467 1.39981958559 1.07764451066 0.210673969284 0.297664267033 0.681951601511 0.851078531773 0.333316423012 -0.317421392907 -0.429345769619 -1.78700906651 -0.909475293198 -0.288608397701 0.312669745098 0.661261280558 0.817563276500 0.103265117116 -0.0332670668965 -1.36678918684 -1.70138262379 -0.746656727655 -0.305776858382 -0.266185494151 -0.392524269837 -0.260043277075 -0.304127990883 -0.245541948704 -0.171518100378 -0.279446558013 -0.250056706354 -0.340169095457 -0.220087015289 -0.536570659237 -0.647525896318 -0.682389812822 -0.557624205468 -0.701670581136 -0.698224936377 -0.857684542949 -0.600571387240 -0.567389129712 -0.374456327413 -0.332842716514 -0.291700120563 -0.252051734771 -0.246198932188 -0.0768343359683 -0.0168893610127 0.0518474073072
# mat_a50:
9.49480982772
# mat_delta:
0.669595249172
# log_rec_dev:
 -0.530000413813 -0.533244743394 -0.530365069022 -0.525985873193 -0.521373970554 -0.516538843826 -0.508663977714 -0.498546436261 -0.486441059645 -0.471056502359 -0.450797946020 -0.424800176494 -0.391360596659 -0.348061219001 -0.292363532540 -0.221566857115 -0.134078224825 -0.0335344734876 0.0634077179391 0.120293808024 0.107842376680 0.0546312762810 5.42783410051 0.0517650568802 0.0717441699366 5.36710305355 0.0186898496453 3.49795051702 0.247146571141 3.51740141337 0.0462006580706 3.89734347216 0.151962960932 3.12604558312 0.254451791178 1.17959193494 2.40606874179 0.0646009321603 0.142425644618 0.0489879436644 -0.0564134047348 -0.162664979008 -0.0659555570585 1.58605850605 0.300619074984 1.06264132092 0.377738385217 1.25035113253 1.05325156331 0.990117037203 1.42476869932 1.92634251126 1.52133168438 2.08013365692 1.94993029563 1.90916653773 0.509104048095 1.35701397243 1.08917766984 1.53398431017 0.857280147849 2.15484844153 2.14679627394 1.52609360366 1.82316879463 2.59411595210 1.96518972248 2.58426811569 1.69884939933 2.45784304911 0.677422101751 2.09289712456 1.24875072125 2.47657611482 1.91721592741 2.67762396096 0.669161248695 2.56500446578 0.122572590544 2.49348183288 1.77580652496 1.97801356313 0.227395568970 2.60933723045 2.01509696164 0.267477090560 -0.0897201790914 0.00271630772021 0.00154952882161
# log_q_srv1:
1.38473205182
# log_q_srv2:
0.00000000000
# cv_cpue:
0.00000000000
# logm:
-4.60517018599
# mF50:
0.0168476222571
# mF40:
0.0239886199670
# mF35:
0.0287204696902
