#Species name here:
Model_1_goa_pop_2023.dat
#SSL Species?
0
#Constant buffer of Dorn?
0
#Number of fisheries?
1
#Number of sexes?
1
#5year_Average_F(endyr-4,endyr_as_estimated_by_ADmodel)
0.138333
#_Author_F_as_fraction_F_40%
1
#ABC SPR
0.4
#MSY SPR
0.35
#_Spawn_month
5
#_Number_of_ages
28
#_F_ratio(must_sum_to_one_only_one_fishery)
1
#_Natural_Mortality 2 3 4 5 6 7 8 9 10 11 12 13 14 15 16 17 18 19 20 21 22 23 24 25 26 27 28 29
 0.01 0.01 0.01 0.01 0.01 0.01 0.01 0.01 0.01 0.01 0.01 0.01 0.01 0.01 0.01 0.01 0.01 0.01 0.01 0.01 0.01 0.01 0.01 0.01 0.01 0.01 0.01 0.01
#_Maturity_divided_by_2(projection_program_uses_to_get_female_spawning_biomass_if_divide_by_2 2 3 4 5 6 7 8 9 10 11 12 13 14 15 16 17 18 19 20 21 22 23 24 25 26 27 28 29
 0.00657105 0.0127563 0.0246193 0.0469894 0.0878553 0.158356 0.268761 0.417919 0.583771 0.732603 0.842568 0.9127 0.953321 0.975547 0.987331 0.993474 0.996649 0.998282 0.99912 0.999549 0.999769 0.999882 0.999939 0.999969 0.999984 0.999992 0.999996 0.999998
#_Wt_at_age_spawners 2 3 4 5 6 7 8 9 10 11 12 13 14 15 16 17 18 19 20 21 22 23 24 25 26 27 28 29
 44.3 98.3 166.7 242.5 320 395 464.9 528.2 584.5 633.8 676.3 712.7 743.6 769.7 791.7 810 825.4 838.1 848.7 857.5 864.7 870.8 875.7 879.8 883.2 886 888.3 894.6
#_Wt_at_age_fishery 2 3 4 5 6 7 8 9 10 11 12 13 14 15 16 17 18 19 20 21 22 23 24 25 26 27 28 29
 44.3 98.3 166.7 242.5 320 395 464.9 528.2 584.5 633.8 676.3 712.7 743.6 769.7 791.7 810 825.4 838.1 848.7 857.5 864.7 870.8 875.7 879.8 883.2 886 888.3 894.6
#_Selectivity_fishery_scaled_to_max_at_one 2 3 4 5 6 7 8 9 10 11 12 13 14 15 16 17 18 19 20 21 22 23 24 25 26 27 28 29
 0.00175093 0.0163644 0.0548409 0.120766 0.211279 0.319567 0.437171 0.555667 0.66772 0.767609 0.851383 0.91677 0.962955 0.990291 1 0.993894 0.974138 0.943048 0.902945 0.856039 0.804359 0.749707 0.693635 0.637442 0.582184 0.528689 0.477582 0.42931
#_Numbers_at_age_end_year 2 3 4 5 6 7 8 9 10 11 12 13 14 15 16 17 18 19 20 21 22 23 24 25 26 27 28 29
 4.91803 4.8735 4.38824 6.15989 34.4103 59.9257 5.2474 28.2326 21.2559 39.674 3.34285 34.4721 4.62921 30.8495 12.9307 20.3752 5.40668 11.4686 2.55976 14.0841 6.16641 14.0608 7.1362 12.5948 5.45905 3.78173 6.53444 41.1099
#_N_recruitment_years
43
#_Recruitment_start_at_1977_yearclass=1979_for_age_2_recruits 1979 1980 1981 1982 1983 1984 1985 1986 1987 1988 1989 1990 1991 1992 1993 1994 1995 1996 1997 1998 1999 2000 2001 2002 2003 2004 2005 2006 2007 2008 2009 2010 2011 2012 2013 2014 2015 2016 2017 2018 2019 2020 2021
 6.63247 14.2108 7.1642 17.1451 14.078 13.2166 20.4121 33.7068 22.4814 39.3105 34.5114 33.1328 8.16995 19.0749 14.5929 22.7677 11.5726 42.3601 42.0204 22.5888 30.4026 65.7247 35.042 65.0806 26.8484 57.3516 9.6676 39.8155 17.1176 58.4361 33.4006 71.4489 9.58807 63.8389 5.55074 59.4324 28.9962 35.4943 6.16417 66.7327 36.8353 6.41626 4.48904
#_Spawners per recruitment (starting at 1977)
 24.6733 19.9564 19.8996 19.1286 16.5795 13.6385 12.8716 13.5092 14.6286 16.994 19.2157 20.7544 20.7984 19.6557 18.319 20.0343 22.6551 27.8871 34.2788 39.8839 44.3453 47.7343 50.6338 52.2846 53.9403 55.6381 57.6715 61.0665 65.0859 70.1696 75.239 81.403 88.3526 95.2123 100.548 105.8 110.15 114.993 118.071 121.109 122.565 123.482 123.594 122.845 121.714
