# Number of parameters = 169 Objective function value = 270.828833573599  Maximum gradient component = 8.29299361668997e-05
# log_mean_rec:
3.80020116460
# sigr:
0.847028360934
# a50:
2.52795665629
# delta:
5.09642955898
# a502:
6.37068098954
# delta2:
2.08324042053
# a503:
2.76117777935
# delta3:
9.36414746323
# a50_srv1:
5.21866039732
# delta_srv1:
5.84149840182
# a50_srv2:
7.30000000000
# delta_srv2:
3.80000000000
# log_avg_F:
-2.25947182415
# log_F_devs:
 -1.11127333526 0.161849064916 0.772620236365 1.42652878783 2.00965090677 1.60014737001 1.23954722417 1.23181796836 1.04627351995 0.630015101863 1.22408104295 1.32718965653 1.14788497804 1.22356740368 1.46050376301 1.68741741589 1.36097803646 0.471193779967 0.516784896545 0.825649992659 0.874100009159 0.230361289998 -0.485062509850 -0.610393150066 -1.96032142992 -1.06165274976 -0.428239420086 0.169226637430 0.482754220460 0.577345650844 -0.184644841290 -0.321806131605 -1.63918151468 -1.93291304826 -0.947193437280 -0.497424047400 -0.447343698572 -0.563242612079 -0.423325717265 -0.460877971613 -0.397078898921 -0.319013017015 -0.420116282886 -0.384325776370 -0.469599296867 -0.344537514627 -0.640255556277 -0.739835012939 -0.760836917993 -0.626664936589 -0.761703793132 -0.750040924748 -0.901710852478 -0.636048346475 -0.597075260466 -0.401719719161 -0.362400760209 -0.323050485467 -0.284569929931 -0.282996077245 -0.122115633829 -0.0741228026426 -0.0227764755187
# mat_a50:
9.49480976073
# mat_delta:
0.669595251864
# log_rec_dev:
 -0.398345025227 -0.412634541832 -0.423400690544 -0.432687903465 -0.441658390393 -0.450611244877 -0.457218799275 -0.461981133557 -0.465299435626 -0.466012423042 -0.462543948327 -0.454230735937 -0.439562203039 -0.416250909308 -0.381994372620 -0.333992550954 -0.269672902172 -0.188673048092 -0.0964577485355 -0.00974039538746 0.0491257787432 0.0819051994068 3.40472113030 0.216525206531 0.223400856149 3.44829154985 0.175766927402 0.357351212279 1.58536514302 0.553310257986 0.540742858283 1.82312520594 0.671207686641 0.382495591032 0.0333209639555 0.103326879828 -0.165143050529 -0.522690486883 -0.676990770979 -0.782605976727 -0.854803547514 -0.884791443696 -0.750791843058 -0.448235851341 -0.573923328506 -0.622152897828 -0.653378650532 -0.441982839704 -0.399534080210 -0.367436263271 -0.0137132712142 0.418162916992 0.248949904893 0.590945208663 0.607159927456 0.352460441948 -0.461910128370 -0.184547827404 -0.203773606777 -0.0144152788309 -0.283996228592 0.634933093419 0.687788959794 0.154123518950 0.400364184984 1.11504791009 0.604620561428 1.08636032647 0.432578660923 0.877833214775 -0.120812154024 0.477822638410 0.0918958787023 0.930343696046 0.583895536449 1.07954215113 -0.00789897940115 0.892672290290 -0.212778777733 0.867781119154 0.456030577438 0.419258919588 -0.258816783366 0.971763228516 0.525322449311 -0.0719355125553 -0.146831907470 0.00309890534050 0.00191120146299
# log_q_srv1:
0.929284781171
# log_q_srv2:
0.00000000000
# cv_cpue:
0.00000000000
# logm:
-2.99573227355
# mF50:
0.0509563283668
# mF40:
0.0719351115095
# mF35:
0.0858995531835
