#Species name here:
Model_1_goa_pop_2023.dat
#SSL Species?
0
#Constant buffer of Dorn?
0
#Number of fisheries?
1
#Number of sexes?
1
#5year_Average_F(endyr-4,endyr_as_estimated_by_ADmodel)
0.089725
#_Author_F_as_fraction_F_40%
1
#ABC SPR
0.4
#MSY SPR
0.35
#_Spawn_month
5
#_Number_of_ages
28
#_F_ratio(must_sum_to_one_only_one_fishery)
1
#_Natural_Mortality 2 3 4 5 6 7 8 9 10 11 12 13 14 15 16 17 18 19 20 21 22 23 24 25 26 27 28 29
 0.05 0.05 0.05 0.05 0.05 0.05 0.05 0.05 0.05 0.05 0.05 0.05 0.05 0.05 0.05 0.05 0.05 0.05 0.05 0.05 0.05 0.05 0.05 0.05 0.05 0.05 0.05 0.05
#_Maturity_divided_by_2(projection_program_uses_to_get_female_spawning_biomass_if_divide_by_2 2 3 4 5 6 7 8 9 10 11 12 13 14 15 16 17 18 19 20 21 22 23 24 25 26 27 28 29
 0.00657105 0.0127563 0.0246193 0.0469894 0.0878553 0.158356 0.268761 0.417919 0.583771 0.732603 0.842568 0.9127 0.953321 0.975547 0.987331 0.993474 0.996649 0.998282 0.99912 0.999549 0.999769 0.999882 0.999939 0.999969 0.999984 0.999992 0.999996 0.999998
#_Wt_at_age_spawners 2 3 4 5 6 7 8 9 10 11 12 13 14 15 16 17 18 19 20 21 22 23 24 25 26 27 28 29
 44.3 98.3 166.7 242.5 320 395 464.9 528.2 584.5 633.8 676.3 712.7 743.6 769.7 791.7 810 825.4 838.1 848.7 857.5 864.7 870.8 875.7 879.8 883.2 886 888.3 894.6
#_Wt_at_age_fishery 2 3 4 5 6 7 8 9 10 11 12 13 14 15 16 17 18 19 20 21 22 23 24 25 26 27 28 29
 44.3 98.3 166.7 242.5 320 395 464.9 528.2 584.5 633.8 676.3 712.7 743.6 769.7 791.7 810 825.4 838.1 848.7 857.5 864.7 870.8 875.7 879.8 883.2 886 888.3 894.6
#_Selectivity_fishery_scaled_to_max_at_one 2 3 4 5 6 7 8 9 10 11 12 13 14 15 16 17 18 19 20 21 22 23 24 25 26 27 28 29
 0.00131111 0.0129688 0.0450441 0.101925 0.182372 0.28128 0.39157 0.505711 0.616756 0.718949 0.807985 0.881043 0.936657 0.974512 0.995205 1 0.990612 0.969016 0.937291 0.897501 0.85161 0.801419 0.748533 0.694341 0.640014 0.586511 0.534593 0.484844
#_Numbers_at_age_end_year 2 3 4 5 6 7 8 9 10 11 12 13 14 15 16 17 18 19 20 21 22 23 24 25 26 27 28 29
 44.7957 42.6562 34.8827 35.609 60.9685 89.1397 24.1584 43.7598 41.3722 56.4528 17.2049 46.4384 16.8132 44.4016 24.0953 30.4146 11.776 15.5726 7.73099 19.0637 11.1529 19.6551 11.143 17.0228 7.62098 5.43724 8.4507 47.1853
#_N_recruitment_years
43
#_Recruitment_start_at_1977_yearclass=1979_for_age_2_recruits 1979 1980 1981 1982 1983 1984 1985 1986 1987 1988 1989 1990 1991 1992 1993 1994 1995 1996 1997 1998 1999 2000 2001 2002 2003 2004 2005 2006 2007 2008 2009 2010 2011 2012 2013 2014 2015 2016 2017 2018 2019 2020 2021
 25.1857 23.9999 23.262 28.7379 29.9841 30.9621 44.1012 67.9223 57.3488 80.7329 82.0526 63.6031 28.1709 37.1756 36.4677 44.0703 33.6565 84.3635 88.9425 52.1605 66.724 136.353 81.8446 132.497 68.9085 107.558 39.6222 72.0978 49.0136 113.357 80.1658 131.597 44.3584 109.166 36.1408 106.483 70.5437 67.9968 34.5147 118.151 75.6051 41.6069 38.6045
#_Spawners per recruitment (starting at 1977)
 27.2488 22.491 22.6745 22.586 21.2734 19.8886 20.5831 22.5624 24.9132 28.3897 31.6255 34.1453 35.2182 35.2972 35.525 39.3459 44.5389 52.7807 62.3317 70.9644 78.0862 83.5684 87.9743 90.7137 93.2877 95.9968 99.3263 104.37 110.381 117.784 125.459 134.31 143.909 153.051 160.084 166.386 171.227 176.229 179.36 182.496 184.063 185.032 185.012 183.919 182.309
