# Number of parameters = 166 Objective function value = 319.527672432456  Maximum gradient component = 8.97552263127665e-005
# log_mean_rec:
4.31377863504
# sigr:
0.935430408328
# a50:
2.55888268860
# delta:
5.08442273723
# a502:
6.20107793933
# delta2:
1.95060006291
# a503:
2.91370729735
# delta3:
10.7451154301
# a50_srv1:
6.38905133346
# delta_srv1:
6.35014359642
# a50_srv2:
7.30000000000
# delta_srv2:
3.80000000000
# log_avg_F:
-2.51504088020
# log_F_devs:
 -1.00125332918 0.274823586132 0.916881870514 1.58235142368 2.13117722606 1.72769290079 1.36973441894 1.34830163135 1.15527155105 0.726997097924 1.30668427960 1.39793873682 1.19897545094 1.24618723011 1.44258525495 1.61288437358 1.23821919220 0.341833246067 0.416529594382 0.749878302526 0.815458891052 0.195379875888 -0.489667486536 -0.587624291238 -1.90802735625 -0.980362941625 -0.328023679923 0.277836698530 0.591664501342 0.655717304697 -0.111413069501 -0.252404671721 -1.56450400971 -1.85288596745 -0.863168258071 -0.353739670809 -0.311110868970 -0.435043003426 -0.315455470511 -0.360418515382 -0.301020081265 -0.235199291667 -0.353679182011 -0.339859703030 -0.449960780342 -0.357770668417 -0.571729469108 -0.697558453047 -0.749708484092 -0.646299889572 -0.814908363423 -0.836313106228 -1.02010581497 -0.792271134317 -0.793398294536 -0.644424949814 -0.655693244758 -0.670050751243 -0.681205197455 -0.735539930330 -0.659203922959
# mat_a50:
9.49480977017
# mat_delta:
0.669595263768
# log_rec_dev:
 -0.313241733772 -0.328689862889 -0.342092993239 -0.354536992163 -0.366819766912 -0.379275866931 -0.389967641022 -0.399313234851 -0.407721401353 -0.414172621666 -0.417418297914 -0.416872312499 -0.411356250896 -0.398777194305 -0.377278026582 -0.344364365631 -0.297490132796 -0.235028593486 -0.158004728421 -0.0729138236810 0.0105712089164 0.0948164669733 2.86134083050 0.311216473525 0.285323969333 3.00819193340 0.259690990063 0.479549600921 0.863210020491 0.522327044615 0.487976516462 1.26694228228 0.631261771819 0.0219378745808 -0.369543658172 -0.468998521027 -0.690220428328 -1.02773286210 -1.25351989084 -1.35959818277 -1.40285155616 -1.45679614217 -1.22862126088 -0.452531283347 -0.973763008962 -0.947026523669 -1.12811531449 -0.620278808255 -0.753319722522 -0.768331542279 -0.151696428801 0.184724982639 0.0543056431662 0.367124066124 0.286105709127 0.360373533900 -1.00153981061 -0.661875992943 -0.316550755877 -0.148483135386 -0.555589422371 0.592534453128 0.649110108120 -0.0509457464116 0.475102272269 1.16286773954 0.689673801434 1.23303061978 0.423606098503 1.10320161827 0.0236970193040 0.782250019436 0.259648865297 1.04148187483 1.25719240377 1.65105904857 0.330201884126 1.52644635559 -0.278033871973 1.59165177771 1.02808790059 1.15909629594 0.0361880327547 1.36478125953 0.637977555457 0.000525436921322 0.00189559079103
# log_q_srv1:
0.703350402395
# log_q_srv2:
0.00000000000
# cv_cpue:
0.00000000000
# logm:
-2.74929400014
# mF50:
0.0647964473777
# mF40:
0.0946591773961
# mF35:
0.115485192695
