#Species name here:
Model_1_goa_pop_2021.dat
#SSL Species?
0
#Constant buffer of Dorn?
0
#Number of fisheries?
1
#Number of sexes?
1
#5year_Average_F(endyr-4,endyr_as_estimated_by_ADmodel)
0.040968
#_Author_F_as_fraction_F_40%
1
#ABC SPR
0.4
#MSY SPR
0.35
#_Spawn_month
5
#_Number_of_ages
28
#_F_ratio(must_sum_to_one_only_one_fishery)
1
#_Natural_Mortality 2 3 4 5 6 7 8 9 10 11 12 13 14 15 16 17 18 19 20 21 22 23 24 25 26 27 28 29
 0.063973 0.063973 0.063973 0.063973 0.063973 0.063973 0.063973 0.063973 0.063973 0.063973 0.063973 0.063973 0.063973 0.063973 0.063973 0.063973 0.063973 0.063973 0.063973 0.063973 0.063973 0.063973 0.063973 0.063973 0.063973 0.063973 0.063973 0.063973
#_Maturity_divided_by_2(projection_program_uses_to_get_female_spawning_biomass_if_divide_by_2 2 3 4 5 6 7 8 9 10 11 12 13 14 15 16 17 18 19 20 21 22 23 24 25 26 27 28 29
 0.00657105 0.0127563 0.0246193 0.0469894 0.0878553 0.158356 0.268761 0.417919 0.583771 0.732603 0.842568 0.9127 0.953321 0.975547 0.987331 0.993474 0.996649 0.998282 0.99912 0.999549 0.999769 0.999882 0.999939 0.999969 0.999984 0.999992 0.999996 0.999998
#_Wt_at_age_spawners 2 3 4 5 6 7 8 9 10 11 12 13 14 15 16 17 18 19 20 21 22 23 24 25 26 27 28 29
 44.2 98.5 167.4 243.7 321.6 397 467.2 530.8 587.3 636.7 679.3 715.7 746.6 772.7 794.6 813 828.2 840.9 851.5 860.2 867.5 873.4 878.4 882.4 885.8 888.6 890.8 897.1
#_Wt_at_age_fishery 2 3 4 5 6 7 8 9 10 11 12 13 14 15 16 17 18 19 20 21 22 23 24 25 26 27 28 29
 44.2 98.5 167.4 243.7 321.6 397 467.2 530.8 587.3 636.7 679.3 715.7 746.6 772.7 794.6 813 828.2 840.9 851.5 860.2 867.5 873.4 878.4 882.4 885.8 888.6 890.8 897.1
#_Selectivity_fishery_scaled_to_max_at_one 2 3 4 5 6 7 8 9 10 11 12 13 14 15 16 17 18 19 20 21 22 23 24 25 26 27 28 29
 0.000650828 0.00704797 0.0261088 0.0623405 0.117014 0.188626 0.273742 0.367868 0.466164 0.563987 0.657239 0.742571 0.817463 0.880212 0.929871 0.966151 0.989303 1 0.999229 0.988184 0.968182 0.940589 0.906762 0.868006 0.82554 0.780477 0.733813 0.686416
#_Numbers_at_age_end_year 2 3 4 5 6 7 8 9 10 11 12 13 14 15 16 17 18 19 20 21 22 23 24 25 26 27 28 29
 74.8641 70.1269 124.401 241.125 59.7561 171.489 140.041 228.251 32.5218 181.94 50.4514 172.785 106.202 77.8037 32.2898 49.3048 20.8845 55.5646 25.4472 51.6055 26.9912 38.8682 17.4478 9.16406 16.3434 13.6536 3.83193 45.8797
#_N_recruitment_years
41
#_Recruitment_start_at_1977_yearclass=1979_for_age_2_recruits 1979 1980 1981 1982 1983 1984 1985 1986 1987 1988 1989 1990 1991 1992 1993 1994 1995 1996 1997 1998 1999 2000 2001 2002 2003 2004 2005 2006 2007 2008 2009 2010 2011 2012 2013 2014 2015 2016 2017 2018 2019
 28.2196 28.9842 24.1833 40.1852 35.1793 34.6552 64.2051 89.8825 78.8924 107.867 99.4728 107.142 27.4465 38.5479 54.447 64.4117 42.8707 135.14 143.006 71.0109 120.167 239.044 148.926 256.418 114.135 225.198 76.5141 163.372 96.8756 211.719 262.689 389.49 103.957 343.857 56.585 367.025 208.902 238.144 77.4759 292.528 141.423
#_Spawners per recruitment (starting at 1977)
 40.5831 35.0131 34.5356 33.5822 31.2634 28.9548 29.0183 30.5869 32.6932 36.0487 39.174 41.5624 42.5451 42.6918 43.3814 47.9649 54.2621 63.8434 74.8362 84.8645 93.1033 99.3801 104.28 107.477 110.785 114.833 120.385 128.688 139.05 151.986 166.527 183.431 201.987 220.465 236.762 252.149 266.134 281.042 295.845 313.189 331.504 350.719 369.187
