# Number of parameters = 169 Objective function value = 260.534333060622  Maximum gradient component = 2.16251640847361e-05
# log_mean_rec:
6.20769794074
# sigr:
0.530182048134
# a50:
2.59257031280
# delta:
5.29722354912
# a502:
6.31733537928
# delta2:
1.81697347397
# a503:
3.08816738321
# delta3:
13.0133383721
# a50_srv1:
8.50375970033
# delta_srv1:
7.53253637616
# a50_srv2:
7.30000000000
# delta_srv2:
3.80000000000
# log_avg_F:
-3.51666602975
# log_F_devs:
 -0.357132554502 1.00634715293 1.71049368286 2.30832146538 2.75863865813 2.27743119380 1.84195772981 1.75064695133 1.49925643867 1.03540038851 1.57499793564 1.58563096022 1.28473069468 1.21803183814 1.25726420736 1.20655300758 0.642496040191 -0.351941567772 -0.321848141716 -0.0537524607977 -0.0694027022207 -0.728229605323 -1.38499038443 -1.42461882007 -2.67267515843 -1.67431497102 -0.969143970290 -0.338352162536 -0.0304911096777 0.0390706191930 -0.723053713570 -0.827308749807 -2.09957817092 -2.33000862928 -1.28361926010 -0.730779680397 -0.654965811539 -0.745946862878 -0.585788548323 -0.603999122960 -0.522128502248 -0.427619186296 -0.508108004664 -0.454840833484 -0.524671747378 -0.386183658926 -0.335977219366 -0.412337439433 -0.407616512802 -0.253887880688 -0.370768809754 -0.342953308296 -0.480207708293 -0.199534534493 -0.150094092952 0.0517195409468 0.0916050389677 0.132205252300 0.172060598331 0.172543763809 0.328181922634 0.368890852341 0.424397401863
# mat_a50:
9.49480977251
# mat_delta:
0.669595252051
# log_rec_dev:
 -0.0946224946739 -0.108409058889 -0.123011505308 -0.138583681663 -0.155559124499 -0.174251961250 -0.193872452239 -0.214228377912 -0.235743132578 -0.257740351584 -0.278991789497 -0.299004292243 -0.316523481132 -0.329476988664 -0.335711767841 -0.332122241972 -0.314790650712 -0.278872611210 -0.218166459938 -0.124226072109 0.0197901418019 0.263049992177 0.743902402065 1.15548841063 0.589499634231 1.58946171624 0.269602616638 -0.0264142968210 -0.0568739435688 -0.0806933500245 0.0918502685532 0.387739139763 0.189649107312 -0.188059260281 -0.391829025361 -0.350699798706 -0.362048407816 -0.485392281024 -0.571208630201 -0.640209373668 -0.694052311169 -0.710539577143 -0.598772379870 -0.360621413001 -0.523936333706 -0.627805856739 -0.607962801875 -0.450911224073 -0.412683795233 -0.330010022806 -0.00383132269371 0.373369935456 0.320758824666 0.702202528145 0.454791135516 0.175996612492 -0.333450452856 -0.288381455532 -0.281217411528 -0.165794778396 -0.275816320828 0.410491562455 0.497492143644 0.0569159852859 0.239631146341 0.895768388206 0.479962178382 0.845634288070 0.323137554647 0.595923732277 -0.108556168050 0.203511453701 0.00165740380689 0.635178419570 0.403815652005 0.746345966704 -0.00507017945365 0.524050291432 -0.142699271900 0.505079426167 0.220488371072 0.143316232980 -0.232119029398 0.466486666255 0.167116791090 -0.0944264112093 -0.126832808033 0.00421113899698 0.00223223877519
# log_q_srv1:
-0.0670388168140
# log_q_srv2:
0.00000000000
# cv_cpue:
0.00000000000
# logm:
-1.89711998489
# mF50:
0.194869350200
# mF40:
0.297001107482
# mF35:
0.369955455618
