# Number of parameters = 240 Objective function value = 245.257762167037  Maximum gradient component = 0.000152214623206416
# log_mean_rec:
4.61358610954
# mean_rec_dev:
 0.0285834282424 0.0193902881007 0.00412042961101 -0.00523685923780 -0.0162741788890 -0.0410883583484 -0.0555401885367 -0.0578101348535 -0.0540997701220 -0.0522693726165 -0.0485010417371 -0.0394501073479 -0.0280079375228 -0.0151995098473 -0.00147105183121 0.0122312893051 0.0218816472846 0.0212206077012 0.0270373881478 0.0362912605859 0.0453232467308 0.0496497898696 0.0542779737331 0.0589813620575 0.0564187746056 0.0454292864573 0.0368061593341 0.0186198402060 0.00652020288758 0.000663650103212 0.0103906791898 0.0173589093953 0.0238069758860 0.0287588109511 0.0377731156822 0.0300114693048 0.0211485039033 0.0244993256269 0.0238614018756 0.00894398281007 0.00397882074821 -0.00824950421710 -0.00863104902787 -0.0143367586636 -0.00372435909354 -0.000211483074414 0.00733943903242 -0.000401190719167 -0.00301844643769 -0.0124730189834 -0.00372540013786 -0.00585167731136 0.00865259201259 0.00814188350042 0.0121228793297 0.0127113953847 0.0194229654073 0.00509985260937 0.000129169301912 4.33383598963e-05
# sigr:
0.641781502512
# a50:
2.51402260678
# delta:
5.07669481822
# a502:
6.28340605966
# delta2:
1.89456545495
# a503:
2.70650661594
# delta3:
8.38299006598
# a50_srv1:
4.86825019986
# delta_srv1:
5.02337152275
# log_q_srv1:
0.173932681449
# log_q_dev:
 0.0661789763174 0.0332178177831 -0.0182326494489 -0.0263206770478 -0.0664793031200 0.0412685308249 0.00913676947210 0.0357469888587 0.100919216167 0.150987059538 0.0779736864055 0.0845323028885 0.0357533455646 0.0420469559877
# a50_srv2:
7.30000000000
# delta_srv2:
3.80000000000
# log_avg_F:
-2.76562284162
# log_F_devs:
 -0.689370694388 0.569750487957 1.18038490767 1.83575106103 2.37583433867 1.94717585737 1.58153864211 1.56213275168 1.37096606757 0.943870157529 1.52060620075 1.60376916446 1.39007011468 1.41727772662 1.57687721610 1.67583362738 1.20291736022 0.246240387708 0.273232226759 0.547303855322 0.543245706573 -0.127475638650 -0.828667438900 -0.925791074527 -2.23577523359 -1.29740802730 -0.641991604922 -0.0469175915836 0.240226183488 0.296607968605 -0.484951348413 -0.620124329010 -1.92659073224 -2.19675135920 -1.18699989548 -0.718362670277 -0.657847994695 -0.761967179518 -0.612395002802 -0.640183904953 -0.565717630260 -0.476573368542 -0.559849038157 -0.505927861942 -0.570236669906 -0.422341515870 -0.680094660261 -0.755290543316 -0.747611693716 -0.586472126933 -0.694877952228 -0.656566359747 -0.783612444907 -0.490152737290 -0.428336903602 -0.209869916455 -0.151988424731 -0.0919334779929 -0.0356792934709 -0.0168175795103 0.127910006276
# mat_a50:
9.49480976056
# mat_delta:
0.669595261515
# log_rec_dev:
 -0.207383498111 -0.221940520737 -0.234990938063 -0.247411308595 -0.259950333093 -0.272878256538 -0.284593622771 -0.295199981553 -0.305100753212 -0.313365005011 -0.318572680070 -0.320203032715 -0.316970576825 -0.306828031645 -0.287844763766 -0.257558872936 -0.213586294347 -0.154824143870 -0.0835088397511 -0.00822001751501 0.0595566484434 0.124227146270 2.76907350053 0.341764078064 0.340609811551 2.83019308079 0.228454877409 0.378650391341 0.628940376040 0.385411028184 0.454609556711 1.02205462830 0.595247551539 0.0934952400957 -0.152823730809 -0.0753911033552 -0.155211367209 -0.372792991526 -0.471284005477 -0.527558290235 -0.565452428135 -0.564376889303 -0.397482426171 0.0272273791825 -0.239583693876 -0.381151670132 -0.372012474623 -0.178202956324 -0.190627376613 -0.193724930605 0.105548797042 0.452638943794 0.355172061115 0.749064615003 0.498364272841 0.241221809153 -0.400640046268 -0.287010190648 -0.265585377774 -0.203958262777 -0.371284215440 0.319689602933 0.365050986650 -0.138014820762 0.0262751486794 0.614424150985 0.204506796588 0.503664447908 0.0157151739322 0.235008816227 -0.437107144457 -0.144689585466 -0.311010221106 0.318823643925 0.107800537587 0.389418301467 -0.360299862290 0.0875778043668 -0.597406921979 0.0210353499868 -0.163970797945 -0.0242399827023 -0.276438706344 0.589945326046 0.204734463307 0.00353501961514 0.00178516732497
# log_q_srv2:
0.00000000000
# cv_cpue:
0.00000000000
# logm:
-2.49255604491
# mF50:
0.0750281097406
# mF40:
0.105934601442
# mF35:
0.126624740322
