#Species name here:
Model_1_goa_pop_2021.dat
#SSL Species?
0
#Constant buffer of Dorn?
0
#Number of fisheries?
1
#Number of sexes?
1
#5year_Average_F(endyr-4,endyr_as_estimated_by_ADmodel)
0.0611229
#_Author_F_as_fraction_F_40%
1
#ABC SPR
0.4
#MSY SPR
0.35
#_Spawn_month
5
#_Number_of_ages
28
#_F_ratio(must_sum_to_one_only_one_fishery)
1
#_Natural_Mortality 2 3 4 5 6 7 8 9 10 11 12 13 14 15 16 17 18 19 20 21 22 23 24 25 26 27 28 29
 0.0826983 0.0826983 0.0826983 0.0826983 0.0826983 0.0826983 0.0826983 0.0826983 0.0826983 0.0826983 0.0826983 0.0826983 0.0826983 0.0826983 0.0826983 0.0826983 0.0826983 0.0826983 0.0826983 0.0826983 0.0826983 0.0826983 0.0826983 0.0826983 0.0826983 0.0826983 0.0826983 0.0826983
#_Maturity_divided_by_2(projection_program_uses_to_get_female_spawning_biomass_if_divide_by_2 2 3 4 5 6 7 8 9 10 11 12 13 14 15 16 17 18 19 20 21 22 23 24 25 26 27 28 29
 0.00657105 0.0127563 0.0246193 0.0469894 0.0878553 0.158356 0.268761 0.417919 0.583771 0.732603 0.842568 0.9127 0.953321 0.975547 0.987331 0.993474 0.996649 0.998282 0.99912 0.999549 0.999769 0.999882 0.999939 0.999969 0.999984 0.999992 0.999996 0.999998
#_Wt_at_age_spawners 2 3 4 5 6 7 8 9 10 11 12 13 14 15 16 17 18 19 20 21 22 23 24 25 26 27 28 29
 44.2 98.5 167.4 243.7 321.6 397 467.2 530.8 587.3 636.7 679.3 715.7 746.6 772.7 794.6 813 828.2 840.9 851.5 860.2 867.5 873.4 878.4 882.4 885.8 888.6 890.8 897.1
#_Wt_at_age_fishery 2 3 4 5 6 7 8 9 10 11 12 13 14 15 16 17 18 19 20 21 22 23 24 25 26 27 28 29
 44.2 98.5 167.4 243.7 321.6 397 467.2 530.8 587.3 636.7 679.3 715.7 746.6 772.7 794.6 813 828.2 840.9 851.5 860.2 867.5 873.4 878.4 882.4 885.8 888.6 890.8 897.1
#_Selectivity_fishery_scaled_to_max_at_one 2 3 4 5 6 7 8 9 10 11 12 13 14 15 16 17 18 19 20 21 22 23 24 25 26 27 28 29
 0.000843404 0.0102768 0.0397178 0.0959259 0.179065 0.284 0.402525 0.525441 0.644103 0.751368 0.84203 0.912886 0.962554 0.991165 1 0.991134 0.967119 0.93072 0.884707 0.831708 0.774112 0.714005 0.65315 0.592987 0.534644 0.478971 0.426567 0.37782
#_Numbers_at_age_end_year 2 3 4 5 6 7 8 9 10 11 12 13 14 15 16 17 18 19 20 21 22 23 24 25 26 27 28 29
 146.561 135.152 152.039 204.201 77.0724 89.1867 69.3595 74.4425 35.5325 63.0116 35.7678 67.6603 45.1529 49.2005 22.9795 24.0327 15.9952 28.3398 20.5556 30.3306 20.1662 27.1409 13.2704 9.91152 14.4922 12.1615 5.32686 64.9996
#_N_recruitment_years
41
#_Recruitment_start_at_1977_yearclass=1979_for_age_2_recruits 1979 1980 1981 1982 1983 1984 1985 1986 1987 1988 1989 1990 1991 1992 1993 1994 1995 1996 1997 1998 1999 2000 2001 2002 2003 2004 2005 2006 2007 2008 2009 2010 2011 2012 2013 2014 2015 2016 2017 2018 2019
 58.3513 52.0368 54.4554 69.1663 71.7896 75.5595 108.113 161.852 153.645 236.357 187.404 145.859 76.8184 86.9614 90.4004 98.4632 85.7225 177.658 191.567 118.311 142.895 263.517 176.469 238.956 145.486 179.602 90.4043 120.661 102.151 193.181 156.366 206.603 96.41 150.319 75.3336 141.037 118.174 137.553 108.259 262.521 179.508
#_Spawners per recruitment (starting at 1977)
 49.9698 46.3986 47.753 48.6954 48.3164 47.8914 49.6942 52.9511 56.7431 61.7844 66.6162 70.8099 73.847 76.4723 80.0992 88.4002 99.2815 114.277 131.107 146.713 159.633 169.201 176.019 179.981 183.184 186.46 190.652 196.94 204.484 213.537 222.811 232.952 243.173 251.891 257.303 260.916 262.304 263.498 262.735 261.969 259.467 256.036 251.223
