# Number of parameters = 169 Objective function value = 253.128945127514  Maximum gradient component = 3.84536208409999e-05
# log_mean_rec:
5.78666004735
# sigr:
0.560990939510
# a50:
2.56733084475
# delta:
5.16943359830
# a502:
6.33004752422
# delta2:
1.86427783697
# a503:
2.99713295740
# delta3:
11.8561745231
# a50_srv1:
7.71430298131
# delta_srv1:
7.01768755478
# a50_srv2:
7.30000000000
# delta_srv2:
3.80000000000
# log_avg_F:
-3.31075631314
# log_F_devs:
 -0.434595327788 0.931126604052 1.63088035999 2.22625836019 2.70738946114 2.26096068272 1.85425127479 1.78961747648 1.56139975224 1.11064421635 1.66555157491 1.70264694637 1.42596842943 1.37908997535 1.43897930332 1.40736866651 0.841395288131 -0.167327673870 -0.159193516502 0.0882780628156 0.0538176522472 -0.623641626200 -1.29718613064 -1.35057082682 -2.61278771119 -1.62790084307 -0.932165980284 -0.305619670102 0.00262149571745 0.0778353878435 -0.678141091075 -0.774505702065 -2.03836868396 -2.26556647073 -1.22530571297 -0.689359730902 -0.616108394046 -0.710899265737 -0.554930906671 -0.577595648340 -0.500262943299 -0.410170911296 -0.495421745437 -0.446418820127 -0.520220474992 -0.385304872202 -0.460828535996 -0.541302619812 -0.540865246002 -0.390756941103 -0.511117411358 -0.486410606201 -0.626583492442 -0.348688366676 -0.301671363232 -0.101792839161 -0.0636135755448 -0.0246818600364 0.0132996544017 0.0121625577572 0.166196927864 0.205421159648 0.244723905978
# mat_a50:
9.49480978481
# mat_delta:
0.669595261885
# log_rec_dev:
 -0.129581352417 -0.145243739924 -0.161217650222 -0.177728073840 -0.195289032534 -0.214222597507 -0.233435596188 -0.252792529478 -0.272708236737 -0.292375897101 -0.310439444907 -0.326360898348 -0.338770870690 -0.345479791937 -0.344172428968 -0.331512841669 -0.303254426575 -0.254121225647 -0.177477718488 -0.0647904517234 0.0997839550774 0.361058031024 0.777365889305 1.55847196593 0.446818948950 1.82198255692 0.288494239783 0.0404439131602 0.0164706647605 -0.0376440917446 0.123479169361 0.422422696074 0.183726319703 -0.211092997537 -0.418084499810 -0.372412825525 -0.383095124105 -0.496428463655 -0.561705843000 -0.617898437117 -0.662176946110 -0.682036527807 -0.609761750822 -0.473247535417 -0.545386016672 -0.592978032215 -0.613467867016 -0.496013958644 -0.444926584243 -0.372634780876 -0.0609477992632 0.321587338699 0.248872930861 0.510698104639 0.533370581674 0.212931205890 -0.408730078286 -0.304704853970 -0.294931136941 -0.180129820853 -0.300338415356 0.415137301527 0.494182777361 0.0467965124555 0.242776735232 0.902044673300 0.480035655808 0.861639371533 0.329262117014 0.615385185280 -0.113921471129 0.221360948171 0.00752256070352 0.658783298977 0.419402535870 0.777429542070 -0.00558349691058 0.561864410785 -0.146191530030 0.549919878339 0.257780414850 0.180823557680 -0.220092996734 0.542545623137 0.221880548318 -0.0825525312408 -0.117073897994 0.00337965937401 0.00187088114896
# log_q_srv1:
0.0522103835962
# log_q_srv2:
0.00000000000
# cv_cpue:
0.00000000000
# logm:
-2.04022082853
# mF50:
0.142726751978
# mF40:
0.214302345892
# mF35:
0.265092225354
