#Species name here:
Model_1_goa_pop_2023.dat
#SSL Species?
0
#Constant buffer of Dorn?
0
#Number of fisheries?
1
#Number of sexes?
1
#5year_Average_F(endyr-4,endyr_as_estimated_by_ADmodel)
0.0416827
#_Author_F_as_fraction_F_40%
1
#ABC SPR
0.4
#MSY SPR
0.35
#_Spawn_month
5
#_Number_of_ages
28
#_F_ratio(must_sum_to_one_only_one_fishery)
1
#_Natural_Mortality 2 3 4 5 6 7 8 9 10 11 12 13 14 15 16 17 18 19 20 21 22 23 24 25 26 27 28 29
 0.13 0.13 0.13 0.13 0.13 0.13 0.13 0.13 0.13 0.13 0.13 0.13 0.13 0.13 0.13 0.13 0.13 0.13 0.13 0.13 0.13 0.13 0.13 0.13 0.13 0.13 0.13 0.13
#_Maturity_divided_by_2(projection_program_uses_to_get_female_spawning_biomass_if_divide_by_2 2 3 4 5 6 7 8 9 10 11 12 13 14 15 16 17 18 19 20 21 22 23 24 25 26 27 28 29
 0.00657105 0.0127563 0.0246193 0.0469894 0.0878553 0.158356 0.268761 0.417919 0.583771 0.732603 0.842568 0.9127 0.953321 0.975547 0.987331 0.993474 0.996649 0.998282 0.99912 0.999549 0.999769 0.999882 0.999939 0.999969 0.999984 0.999992 0.999996 0.999998
#_Wt_at_age_spawners 2 3 4 5 6 7 8 9 10 11 12 13 14 15 16 17 18 19 20 21 22 23 24 25 26 27 28 29
 44.3 98.3 166.7 242.5 320 395 464.9 528.2 584.5 633.8 676.3 712.7 743.6 769.7 791.7 810 825.4 838.1 848.7 857.5 864.7 870.8 875.7 879.8 883.2 886 888.3 894.6
#_Wt_at_age_fishery 2 3 4 5 6 7 8 9 10 11 12 13 14 15 16 17 18 19 20 21 22 23 24 25 26 27 28 29
 44.3 98.3 166.7 242.5 320 395 464.9 528.2 584.5 633.8 676.3 712.7 743.6 769.7 791.7 810 825.4 838.1 848.7 857.5 864.7 870.8 875.7 879.8 883.2 886 888.3 894.6
#_Selectivity_fishery_scaled_to_max_at_one 2 3 4 5 6 7 8 9 10 11 12 13 14 15 16 17 18 19 20 21 22 23 24 25 26 27 28 29
 0.000583124 0.00605351 0.0220664 0.0524042 0.0984087 0.159296 0.232738 0.315466 0.40379 0.494007 0.582681 0.666833 0.744036 0.812444 0.870786 0.918316 0.954749 0.980188 0.995053 1 0.995862 0.983584 0.964176 0.938667 0.908074 0.873376 0.835492 0.79527
#_Numbers_at_age_end_year 2 3 4 5 6 7 8 9 10 11 12 13 14 15 16 17 18 19 20 21 22 23 24 25 26 27 28 29
 326.533 287.153 223.473 202.925 241.048 290.464 118.179 153.486 143.727 166.368 71.4606 124.643 60.5749 113.396 67.7276 73.4543 32.6823 34.5431 21.0951 37.3927 24.0386 35.0691 20.5219 26.8229 11.8868 8.37 11.2177 43.3943
#_N_recruitment_years
43
#_Recruitment_start_at_1977_yearclass=1979_for_age_2_recruits 1979 1980 1981 1982 1983 1984 1985 1986 1987 1988 1989 1990 1991 1992 1993 1994 1995 1996 1997 1998 1999 2000 2001 2002 2003 2004 2005 2006 2007 2008 2009 2010 2011 2012 2013 2014 2015 2016 2017 2018 2019 2020 2021
 188.911 180.131 176.477 198.472 208.874 224.534 306.652 449.55 418.022 543.135 555.59 403.264 216.573 240.316 242.676 272.198 241.368 493.635 534.239 341.537 415.481 803.281 526.734 771.471 453.014 603.077 290.83 406.678 328.384 629.826 495.745 709.166 324.108 571.649 281.595 564.861 421.762 390.522 261.535 560.711 406.889 300.098 289.915
#_Spawners per recruitment (starting at 1977)
 122.316 122.579 127.589 131.835 134.345 136.334 140.011 144.579 149.15 154.532 159.372 163.502 166.768 170.382 176.209 188.243 204.181 225.035 247.531 267.62 282.99 292.632 297.487 298.501 299.038 301.064 306.108 315.523 328.266 344.412 362.454 382.274 401.956 418.616 429.628 436.454 439.393 441.687 442.665 444.682 445.606 445.519 443.354 438.985 433.289
