# Number of parameters = 169 Objective function value = 233.649493499958  Maximum gradient component = 9.67262299374936e-05
# log_mean_rec1:
4.44209571540
# log_mean_rec2:
4.55740636570
# sigr1:
0.674384665133
# sigr2:
1.23529546224
# a50:
2.49143787227
# delta:
4.96426778650
# a502:
6.21299779392
# delta2:
1.84488182406
# a503:
2.65411669547
# delta3:
7.82153105830
# a50_srv1:
4.19810274913
# delta_srv1:
4.32660712717
# a50_srv2:
7.30000000000
# delta_srv2:
3.80000000000
# log_avg_F:
-2.65493821342
# log_F_devs:
 -0.609210334284 0.608832387834 1.16560383395 1.75112223298 2.26757592875 1.84386542244 1.48862311052 1.47434544895 1.28418976674 0.859131688902 1.43907724446 1.52826715501 1.32599333373 1.36609237865 1.54141650331 1.66120297196 1.20483003749 0.249606828628 0.269666501999 0.535801574341 0.522378079685 -0.161975449149 -0.878216797803 -0.987537259933 -2.30756294905 -1.37624389688 -0.724930106423 -0.130221933579 0.159870550465 0.221412445967 -0.553576043770 -0.679677190623 -1.97767634046 -2.24026845456 -1.22351118779 -0.744791572158 -0.675937923537 -0.771986188926 -0.613910512701 -0.633678285124 -0.551277782195 -0.454620690178 -0.530897662412 -0.470048969846 -0.526771959764 -0.371440363566 -0.647728640807 -0.715590735454 -0.699614329953 -0.529573945995 -0.626340791752 -0.577390105269 -0.695506396893 -0.390310230702 -0.317527603567 -0.0853328141629 -0.0113661626281 0.0654324841234 0.140859892626 0.177650230864 0.339403335119
# mat_a50:
9.49480978826
# mat_delta:
0.669595265795
# log_rec_dev:
 -9.99793416552 -9.99771447200 -9.99782988012 -9.99791774091 -9.99799260048 -9.99807364948 -9.99811599900 -9.99817245322 -9.99804202183 -9.99822814103 -9.99815989862 -9.99807961405 -9.99795020714 -9.99771487151 -9.99729037229 -9.99642988684 -9.99436298846 -9.99193919285 -9.92860308033 2.33114353935 -7.75786149844 -9.37345216366 2.60076478872 2.20188747059 -9.84613379223 2.96593693471 0.153349800593 0.406712113448 0.801902819924 0.486342878049 0.508688608963 1.16464762361 0.624581297947 0.0837216209162 -0.237047053688 -0.206240098926 -0.329053154893 -0.582491755105 -0.692172991388 -0.755483214049 -0.801853015854 -0.806395411689 -0.640130081029 -0.241648519438 -0.474519210005 -0.593934028965 -0.560177304166 -0.335563629574 -0.308311477472 -0.274689452435 0.0667957971934 0.462937760641 0.395957443288 0.833227928809 0.589546054875 0.351516713459 -0.345471102444 -0.195772881293 -0.160780617364 -0.0801112881819 -0.258528158643 0.513780605666 0.582587143673 0.0574308496120 0.246346926903 0.885500807678 0.424483332683 0.769986759338 0.207400580770 0.457486523700 -0.308900682594 0.0179730359526 -0.192498839691 0.474235972533 0.229417335813 0.532237732512 -0.317434689578 0.170438642245 -1.06098854631 0.0858874361204 -0.282818369409 0.00213735783935 -0.583042398406 1.09790226810 0.538389836578 0.0235484084314 0.00854560323912
# log_q_srv1:
0.251276711793
# log_q_srv2:
0.887364119300
# cv_cpue:
0.00000000000
# logm:
-2.59999329393
# mF50:
0.0695831285477
# mF40:
0.0971264975215
# mF35:
0.115261645034
