#Species name here:
Model_1_goa_pop_2021.dat
#SSL Species?
0
#Constant buffer of Dorn?
0
#Number of fisheries?
1
#Number of sexes?
1
#5year_Average_F(endyr-4,endyr_as_estimated_by_ADmodel)
0.0816375
#_Author_F_as_fraction_F_40%
1
#ABC SPR
0.4
#MSY SPR
0.35
#_Spawn_month
5
#_Number_of_ages
28
#_F_ratio(must_sum_to_one_only_one_fishery)
1
#_Natural_Mortality 2 3 4 5 6 7 8 9 10 11 12 13 14 15 16 17 18 19 20 21 22 23 24 25 26 27 28 29
 0.0742741 0.0742741 0.0742741 0.0742741 0.0742741 0.0742741 0.0742741 0.0742741 0.0742741 0.0742741 0.0742741 0.0742741 0.0742741 0.0742741 0.0742741 0.0742741 0.0742741 0.0742741 0.0742741 0.0742741 0.0742741 0.0742741 0.0742741 0.0742741 0.0742741 0.0742741 0.0742741 0.0742741
#_Maturity_divided_by_2(projection_program_uses_to_get_female_spawning_biomass_if_divide_by_2 2 3 4 5 6 7 8 9 10 11 12 13 14 15 16 17 18 19 20 21 22 23 24 25 26 27 28 29
 0.00657105 0.0127563 0.0246193 0.0469894 0.0878553 0.158356 0.268761 0.417919 0.583771 0.732603 0.842568 0.9127 0.953321 0.975547 0.987331 0.993474 0.996649 0.998282 0.99912 0.999549 0.999769 0.999882 0.999939 0.999969 0.999984 0.999992 0.999996 0.999998
#_Wt_at_age_spawners 2 3 4 5 6 7 8 9 10 11 12 13 14 15 16 17 18 19 20 21 22 23 24 25 26 27 28 29
 44.2 98.5 167.4 243.7 321.6 397 467.2 530.8 587.3 636.7 679.3 715.7 746.6 772.7 794.6 813 828.2 840.9 851.5 860.2 867.5 873.4 878.4 882.4 885.8 888.6 890.8 897.1
#_Wt_at_age_fishery 2 3 4 5 6 7 8 9 10 11 12 13 14 15 16 17 18 19 20 21 22 23 24 25 26 27 28 29
 44.2 98.5 167.4 243.7 321.6 397 467.2 530.8 587.3 636.7 679.3 715.7 746.6 772.7 794.6 813 828.2 840.9 851.5 860.2 867.5 873.4 878.4 882.4 885.8 888.6 890.8 897.1
#_Selectivity_fishery_scaled_to_max_at_one 2 3 4 5 6 7 8 9 10 11 12 13 14 15 16 17 18 19 20 21 22 23 24 25 26 27 28 29
 0.000841617 0.0108559 0.0429758 0.104894 0.196423 0.311057 0.438787 0.568721 0.690975 0.797762 0.883818 0.946355 0.984733 1 0.994398 0.970907 0.932859 0.883636 0.826453 0.764217 0.699442 0.634218 0.570213 0.5087 0.450597 0.396514 0.346809 0.301629
#_Numbers_at_age_end_year 2 3 4 5 6 7 8 9 10 11 12 13 14 15 16 17 18 19 20 21 22 23 24 25 26 27 28 29
 96.1541 90.6141 140.649 227.679 39.0213 64.0174 43.6115 56.5967 15.9976 48.437 23.3064 47.8338 31.0074 34.8244 15.7747 17.2609 11.099 21.4316 15.0677 23.9968 15.4649 22.3679 10.778 8.15419 12.6188 10.8107 4.60085 68.24
#_N_recruitment_years
41
#_Recruitment_start_at_1977_yearclass=1979_for_age_2_recruits 1979 1980 1981 1982 1983 1984 1985 1986 1987 1988 1989 1990 1991 1992 1993 1994 1995 1996 1997 1998 1999 2000 2001 2002 2003 2004 2005 2006 2007 2008 2009 2010 2011 2012 2013 2014 2015 2016 2017 2018 2019
 52.8563 46.9068 48.5172 60.7357 62.4137 64.5478 90.8211 134.967 126.223 195.454 153.184 120.737 60.137 69.8481 72.3355 78.4126 65.5995 142.007 152.122 89.9745 108.684 205.942 129.876 183.476 104.532 134.234 62.3769 86.4935 70.0772 136.501 106.859 144.652 61.8468 113.052 32.997 103.886 71.8505 95.5399 53.2163 285.805 163.334
#_Spawners per recruitment (starting at 1977)
 44.7028 41.057 42.437 43.5708 43.5335 43.522 45.7343 49.3844 53.5428 58.8951 63.9851 68.342 71.3782 73.756 76.8239 84.2423 93.8819 107.354 122.498 136.441 147.93 156.383 162.376 165.666 168.178 170.581 173.605 178.379 184.075 190.955 197.759 205.2 212.679 218.809 221.925 223.55 223.162 222.619 219.959 217.107 212.429 206.917 200.259
