# Number of parameters = 226 Objective function value = 251.236020942136  Maximum gradient component = 0.000312040260444057
# log_mean_rec:
4.51377366863
# mean_rec_dev:
 0.0346748234849 0.0253598674194 0.00907214191138 -0.000539080867316 -0.0114245168783 -0.0362351967527 -0.0503566945195 -0.0528792936039 -0.0495584374205 -0.0479897105608 -0.0443774551612 -0.0354880956382 -0.0241432020741 -0.0113612821214 0.00238737259150 0.0161638042883 0.0260538129798 0.0259616001080 0.0322075298379 0.0417420967631 0.0510383078897 0.0557476233493 0.0606968831034 0.0656352280583 0.0634761398750 0.0532542688110 0.0453806373710 0.0284471412957 0.0174540948641 0.0125232484537 0.0224877389675 0.0298320757588 0.0368337209495 0.0423915692548 0.0518996872286 0.0454587960803 0.0379293931552 0.0419469555538 0.0420963096020 0.0284064243435 0.0240796216212 0.0125449218577 0.0123005874389 0.00650234936328 0.0165511679020 0.0191996301046 0.0259331988286 0.0173320600450 0.0137972080777 0.00303353183154 0.0103229121094 0.00609091221621 0.0186781827226 0.0156379716186 0.0174619804733 0.0158948995049 0.0212623030544 0.00560038171561 0.000186484950003 5.42668522829e-05
# sigr:
0.658630948127
# a50:
2.52231139583
# delta:
5.08195041456
# a502:
6.28864716109
# delta2:
1.91540732225
# a503:
2.76360657496
# delta3:
8.86084109294
# a50_srv1:
5.41713418132
# delta_srv1:
5.46841672117
# a50_srv2:
7.30000000000
# delta_srv2:
3.80000000000
# log_avg_F:
-2.85032603547
# log_F_devs:
 -0.584622139647 0.670715115411 1.27695381033 1.93062415376 2.47406433619 2.04742841591 1.68240854036 1.66405673120 1.47331843048 1.04647182222 1.62387829006 1.70811150342 1.49589954178 1.52501135300 1.68789533315 1.79206812395 1.32734387737 0.371476213355 0.397344702214 0.670957795765 0.666967077349 -0.00473819893103 -0.708439175113 -0.808804351886 -2.12265324024 -1.18838553622 -0.537181510791 0.0534145943769 0.335339113052 0.384752984714 -0.404711105863 -0.548528272764 -1.86369397702 -2.14192977604 -1.13969620602 -0.676554696950 -0.625469013227 -0.739053570863 -0.598826678684 -0.635964691487 -0.571022116775 -0.491943861443 -0.587037272914 -0.545594666680 -0.624841377690 -0.493715717778 -0.740269972910 -0.832666611429 -0.844123456129 -0.704128803319 -0.835036016271 -0.820661512758 -0.972504021875 -0.706043194631 -0.672265463663 -0.484869489894 -0.460200039079 -0.434180582882 -0.411179187153 -0.427204104977 -0.317759485620
# mat_a50:
9.49480979185
# mat_delta:
0.669595205853
# log_rec_dev:
 -0.218946232514 -0.233443027966 -0.246225373425 -0.258272380153 -0.270377324311 -0.282810741504 -0.293904826319 -0.303790534065 -0.312872237367 -0.320199449405 -0.324327076096 -0.324728331701 -0.320099159365 -0.308372821499 -0.287602162559 -0.255328036427 -0.209223893959 -0.148407846818 -0.0757036534500 -0.000886849041740 0.0630583954802 0.119915158272 2.85985810028 0.315326159517 0.316312525692 2.90990152902 0.226547095924 0.404077789166 0.706553100358 0.416929770442 0.472204577284 1.07627394702 0.612583615947 0.109428555229 -0.144057225866 -0.0680499168948 -0.156697877268 -0.385615706122 -0.492135820561 -0.554473038425 -0.596409146325 -0.597614215298 -0.429023515887 0.00400033231528 -0.270945488275 -0.413603981794 -0.403264858820 -0.204287489135 -0.214696541362 -0.214222466289 0.0936596613678 0.443419651282 0.341554106149 0.734566182718 0.476871706831 0.213898943321 -0.432254743782 -0.318593805067 -0.303727285450 -0.241096316119 -0.412457243504 0.279401680593 0.326621023167 -0.174279270825 -0.00647849606343 0.593859375219 0.187694852209 0.500369601446 0.0105991588090 0.251525319227 -0.435913184590 -0.114889319897 -0.292098572060 0.373112984725 0.153340109411 0.466922280642 -0.316209532164 0.183582112349 -0.546029089999 0.131882866008 -0.0791248258228 0.0679788293907 -0.232834889772 0.679405726087 0.234852142276 0.00573545542366 0.00235398590799
# log_q_srv1:
0.192382338233
# log_q_srv2:
0.00000000000
# cv_cpue:
0.00000000000
# logm:
-2.53938160545
# mF50:
0.0741505217456
# mF40:
0.105703031974
# mF35:
0.127104807084
