#Species name here:
Model_1_goa_pop_2021.dat
#SSL Species?
0
#Constant buffer of Dorn?
0
#Number of fisheries?
1
#Number of sexes?
1
#5year_Average_F(endyr-4,endyr_as_estimated_by_ADmodel)
0.0384184
#_Author_F_as_fraction_F_40%
1
#ABC SPR
0.4
#MSY SPR
0.35
#_Spawn_month
5
#_Number_of_ages
28
#_F_ratio(must_sum_to_one_only_one_fishery)
1
#_Natural_Mortality 2 3 4 5 6 7 8 9 10 11 12 13 14 15 16 17 18 19 20 21 22 23 24 25 26 27 28 29
 0.0789152 0.0789152 0.0789152 0.0789152 0.0789152 0.0789152 0.0789152 0.0789152 0.0789152 0.0789152 0.0789152 0.0789152 0.0789152 0.0789152 0.0789152 0.0789152 0.0789152 0.0789152 0.0789152 0.0789152 0.0789152 0.0789152 0.0789152 0.0789152 0.0789152 0.0789152 0.0789152 0.0789152
#_Maturity_divided_by_2(projection_program_uses_to_get_female_spawning_biomass_if_divide_by_2 2 3 4 5 6 7 8 9 10 11 12 13 14 15 16 17 18 19 20 21 22 23 24 25 26 27 28 29
 0.00657105 0.0127563 0.0246193 0.0469894 0.0878553 0.158356 0.268761 0.417919 0.583771 0.732603 0.842568 0.9127 0.953321 0.975547 0.987331 0.993474 0.996649 0.998282 0.99912 0.999549 0.999769 0.999882 0.999939 0.999969 0.999984 0.999992 0.999996 0.999998
#_Wt_at_age_spawners 2 3 4 5 6 7 8 9 10 11 12 13 14 15 16 17 18 19 20 21 22 23 24 25 26 27 28 29
 44.2 98.5 167.4 243.7 321.6 397 467.2 530.8 587.3 636.7 679.3 715.7 746.6 772.7 794.6 813 828.2 840.9 851.5 860.2 867.5 873.4 878.4 882.4 885.8 888.6 890.8 897.1
#_Wt_at_age_fishery 2 3 4 5 6 7 8 9 10 11 12 13 14 15 16 17 18 19 20 21 22 23 24 25 26 27 28 29
 44.2 98.5 167.4 243.7 321.6 397 467.2 530.8 587.3 636.7 679.3 715.7 746.6 772.7 794.6 813 828.2 840.9 851.5 860.2 867.5 873.4 878.4 882.4 885.8 888.6 890.8 897.1
#_Selectivity_fishery_scaled_to_max_at_one 2 3 4 5 6 7 8 9 10 11 12 13 14 15 16 17 18 19 20 21 22 23 24 25 26 27 28 29
 0.000667972 0.00831832 0.0327517 0.0804801 0.152741 0.246185 0.354486 0.469995 0.585075 0.693005 0.788479 0.867797 0.928822 0.970801 0.994115 1 0.990284 0.967151 0.932943 0.890009 0.840586 0.786726 0.730248 0.672709 0.615409 0.559393 0.505472 0.454246
#_Numbers_at_age_end_year 2 3 4 5 6 7 8 9 10 11 12 13 14 15 16 17 18 19 20 21 22 23 24 25 26 27 28 29
 235.285 218.151 253.379 362.739 131.396 160.525 124.674 138.231 62.5596 116.702 63.1975 124.043 80.304 88.2261 39.6537 41.6805 26.7183 47.5016 33.2379 48.3403 31.163 41.0306 19.4616 14.2201 20.3626 16.7483 7.20096 80.864
#_N_recruitment_years
41
#_Recruitment_start_at_1977_yearclass=1979_for_age_2_recruits 1979 1980 1981 1982 1983 1984 1985 1986 1987 1988 1989 1990 1991 1992 1993 1994 1995 1996 1997 1998 1999 2000 2001 2002 2003 2004 2005 2006 2007 2008 2009 2010 2011 2012 2013 2014 2015 2016 2017 2018 2019
 55.5981 49.7842 52.4457 67.3427 70.4662 74.9113 108.834 164.524 156.718 242.946 193.174 151.12 80.1935 91.8899 96.0904 106.14 93.2967 196.28 215.341 135.538 167.168 317.803 217.821 305.036 189.276 243.82 123.408 172.962 147.682 294.773 240.751 334.001 153.093 254.973 123.673 248.199 204.151 240.67 181.002 460.36 296.799
#_Spawners per recruitment (starting at 1977)
 48.2812 44.6828 46.032 46.9815 46.6146 46.2064 48.0403 51.3475 55.2151 60.3706 65.3655 69.7837 73.1229 76.1548 80.334 89.3771 101.246 117.497 135.845 153.165 167.874 179.222 187.777 193.479 198.533 203.926 210.663 220.073 231.42 245.058 259.794 276.211 293.41 309.498 322.361 333.353 342.147 351.109 358.859 367.458 374.905 381.479 386.259
