#Species name here:
Model_1_goa_pop_2023.dat
#SSL Species?
0
#Constant buffer of Dorn?
0
#Number of fisheries?
1
#Number of sexes?
1
#5year_Average_F(endyr-4,endyr_as_estimated_by_ADmodel)
0.0412372
#_Author_F_as_fraction_F_40%
1
#ABC SPR
0.4
#MSY SPR
0.35
#_Spawn_month
5
#_Number_of_ages
28
#_F_ratio(must_sum_to_one_only_one_fishery)
1
#_Natural_Mortality 2 3 4 5 6 7 8 9 10 11 12 13 14 15 16 17 18 19 20 21 22 23 24 25 26 27 28 29
 0.13 0.13 0.13 0.13 0.13 0.13 0.13 0.13 0.13 0.13 0.13 0.13 0.13 0.13 0.13 0.13 0.13 0.13 0.13 0.13 0.13 0.13 0.13 0.13 0.13 0.13 0.13 0.13
#_Maturity_divided_by_2(projection_program_uses_to_get_female_spawning_biomass_if_divide_by_2 2 3 4 5 6 7 8 9 10 11 12 13 14 15 16 17 18 19 20 21 22 23 24 25 26 27 28 29
 0.00657105 0.0127563 0.0246193 0.0469894 0.0878553 0.158356 0.268761 0.417919 0.583771 0.732603 0.842568 0.9127 0.953321 0.975547 0.987331 0.993474 0.996649 0.998282 0.99912 0.999549 0.999769 0.999882 0.999939 0.999969 0.999984 0.999992 0.999996 0.999998
#_Wt_at_age_spawners 2 3 4 5 6 7 8 9 10 11 12 13 14 15 16 17 18 19 20 21 22 23 24 25 26 27 28 29
 44.3 98.3 166.7 242.5 320 395 464.9 528.2 584.5 633.8 676.3 712.7 743.6 769.7 791.7 810 825.4 838.1 848.7 857.5 864.7 870.8 875.7 879.8 883.2 886 888.3 894.6
#_Wt_at_age_fishery 2 3 4 5 6 7 8 9 10 11 12 13 14 15 16 17 18 19 20 21 22 23 24 25 26 27 28 29
 44.3 98.3 166.7 242.5 320 395 464.9 528.2 584.5 633.8 676.3 712.7 743.6 769.7 791.7 810 825.4 838.1 848.7 857.5 864.7 870.8 875.7 879.8 883.2 886 888.3 894.6
#_Selectivity_fishery_scaled_to_max_at_one 2 3 4 5 6 7 8 9 10 11 12 13 14 15 16 17 18 19 20 21 22 23 24 25 26 27 28 29
 0.000599213 0.00620242 0.0225614 0.0534837 0.100274 0.162072 0.236457 0.320069 0.409142 0.49991 0.588901 0.673119 0.750135 0.818121 0.875831 0.922551 0.958037 0.982429 0.996186 1 0.994736 0.981368 0.960927 0.934463 0.903005 0.867542 0.828998 0.788224
#_Numbers_at_age_end_year 2 3 4 5 6 7 8 9 10 11 12 13 14 15 16 17 18 19 20 21 22 23 24 25 26 27 28 29
 324.006 285.047 219.05 199.279 239.181 291.269 114.857 152.185 142.219 166.93 69.7928 125.881 59.6086 114.969 67.7783 74.6423 32.563 35.079 20.9392 38.2321 24.1227 35.8036 20.7116 27.5001 12.0544 8.48663 11.5419 44.8913
#_N_recruitment_years
43
#_Recruitment_start_at_1977_yearclass=1979_for_age_2_recruits 1979 1980 1981 1982 1983 1984 1985 1986 1987 1988 1989 1990 1991 1992 1993 1994 1995 1996 1997 1998 1999 2000 2001 2002 2003 2004 2005 2006 2007 2008 2009 2010 2011 2012 2013 2014 2015 2016 2017 2018 2019 2020 2021
 183.162 163.918 167.859 200.396 208.271 226.704 319.421 472.005 442.727 659.364 514.369 394.533 226.888 243.939 245.66 277.574 241.928 503.497 544.614 343.459 418.288 818.312 528.64 783.813 452.708 614.45 287.844 412.024 326.59 639.14 495.633 718.534 318.813 577.212 275.005 566.78 417.36 387.242 254.199 562.292 403.748 294.71 284.178
#_Spawners per recruitment (starting at 1977)
 124.363 123.566 127.322 130.132 131.14 131.734 134.299 138.121 142.32 147.601 152.496 156.812 160.477 164.822 171.818 185.474 203.535 226.848 251.82 273.924 290.505 300.622 305.518 306.385 306.72 308.56 313.463 322.797 335.496 351.621 369.661 389.489 409.158 425.752 436.624 443.239 445.91 447.912 448.606 450.337 450.961 450.524 447.935 443.068 436.813
