# Number of parameters = 166 Objective function value = 260.100747136780  Maximum gradient component = 3.61857235812340e-05
# log_mean_rec:
4.43848457592
# sigr:
0.771769394392
# a50:
2.52450888180
# delta:
5.09144679842
# a502:
6.28922755736
# delta2:
1.93905643187
# a503:
2.75816238593
# delta3:
8.95829810398
# a50_srv1:
5.40157155991
# delta_srv1:
5.72694386459
# a50_srv2:
7.30000000000
# delta_srv2:
3.80000000000
# log_avg_F:
-2.58124658563
# log_F_devs:
 -0.818623400924 0.423870487370 1.02000549122 1.66736582129 2.21939745485 1.80654291151 1.44427430858 1.42820729595 1.24079776309 0.819080417354 1.40745517995 1.50457102384 1.30723777413 1.35525580869 1.54689938605 1.69628467393 1.27628400394 0.340296162004 0.373736329513 0.658903852015 0.669625639180 0.00373974277802 -0.704909972463 -0.812333459452 -2.13428213695 -1.20497266598 -0.552607056137 0.0474722628143 0.346605207995 0.414124982103 -0.361690590951 -0.498329635339 -1.81131137057 -2.09069800587 -1.08776434013 -0.621076242905 -0.564333392254 -0.672150579960 -0.525142060920 -0.555124957692 -0.482985327674 -0.396810812151 -0.487424700755 -0.441037856359 -0.515914934981 -0.380751147608 -0.636613577964 -0.724840173913 -0.733164497686 -0.588360150691 -0.713108713142 -0.692497061936 -0.836556347999 -0.563871465541 -0.520191805700 -0.322013332868 -0.281557172750 -0.239829203983 -0.196757763335 -0.192291408813 -0.0561097854777
# mat_a50:
9.49480976379
# mat_delta:
0.669595253554
# log_rec_dev:
 -0.292084218504 -0.309434285570 -0.324374456434 -0.338269724159 -0.352137394327 -0.366286648646 -0.378699274432 -0.389549096269 -0.399315048828 -0.406885713027 -0.410549434368 -0.409708490956 -0.402827520565 -0.387484352835 -0.361348034210 -0.321446803551 -0.264910648062 -0.190643182308 -0.102483394174 -0.0142248967757 0.0547632448759 0.108091896192 2.93429716759 0.325563313601 0.334530770122 2.95983906085 0.231931015889 0.430288211521 0.869558544321 0.454893420173 0.497322289315 1.19749648742 0.613942708637 0.0443956215192 -0.281015150958 -0.241989728552 -0.408337239985 -0.705688809119 -0.848368755435 -0.938555079571 -1.00324467832 -1.01797240419 -0.841996985912 -0.395194546290 -0.663936919984 -0.790659212209 -0.752995069621 -0.505717936524 -0.477369051825 -0.435414490591 -0.0640560712768 0.343806133730 0.275926510064 0.722713626036 0.481927306971 0.252481543036 -0.448178080700 -0.268894461276 -0.243047406050 -0.120963545023 -0.327666648145 0.492579694157 0.584548314675 0.0549924836835 0.269772814753 0.978981834848 0.502987949435 0.930619594347 0.325628891843 0.703891253532 -0.189132581815 0.316241567321 0.0141994736892 0.853745231539 0.533453972525 0.973548090350 -0.0731428901569 0.661554215869 -0.376242712653 0.559653196263 0.210828313444 0.382510692289 -0.116952764976 1.06476852533 0.394481958152 0.00916210222841 0.00346208798094
# log_q_srv1:
0.600747388490
# log_q_srv2:
0.00000000000
# cv_cpue:
0.00000000000
# logm:
-2.58502568868
# mF50:
0.0706481722817
# mF40:
0.100433029029
# mF35:
0.120543202476
