#Species name here:
Model_1_goa_pop_2021.dat
#SSL Species?
0
#Constant buffer of Dorn?
0
#Number of fisheries?
1
#Number of sexes?
1
#5year_Average_F(endyr-4,endyr_as_estimated_by_ADmodel)
0.0625607
#_Author_F_as_fraction_F_40%
1
#ABC SPR
0.4
#MSY SPR
0.35
#_Spawn_month
5
#_Number_of_ages
28
#_F_ratio(must_sum_to_one_only_one_fishery)
1
#_Natural_Mortality 2 3 4 5 6 7 8 9 10 11 12 13 14 15 16 17 18 19 20 21 22 23 24 25 26 27 28 29
 0.0753941 0.0753941 0.0753941 0.0753941 0.0753941 0.0753941 0.0753941 0.0753941 0.0753941 0.0753941 0.0753941 0.0753941 0.0753941 0.0753941 0.0753941 0.0753941 0.0753941 0.0753941 0.0753941 0.0753941 0.0753941 0.0753941 0.0753941 0.0753941 0.0753941 0.0753941 0.0753941 0.0753941
#_Maturity_divided_by_2(projection_program_uses_to_get_female_spawning_biomass_if_divide_by_2 2 3 4 5 6 7 8 9 10 11 12 13 14 15 16 17 18 19 20 21 22 23 24 25 26 27 28 29
 0.00657105 0.0127563 0.0246193 0.0469894 0.0878553 0.158356 0.268761 0.417919 0.583771 0.732603 0.842568 0.9127 0.953321 0.975547 0.987331 0.993474 0.996649 0.998282 0.99912 0.999549 0.999769 0.999882 0.999939 0.999969 0.999984 0.999992 0.999996 0.999998
#_Wt_at_age_spawners 2 3 4 5 6 7 8 9 10 11 12 13 14 15 16 17 18 19 20 21 22 23 24 25 26 27 28 29
 44.2 98.5 167.4 243.7 321.6 397 467.2 530.8 587.3 636.7 679.3 715.7 746.6 772.7 794.6 813 828.2 840.9 851.5 860.2 867.5 873.4 878.4 882.4 885.8 888.6 890.8 897.1
#_Wt_at_age_fishery 2 3 4 5 6 7 8 9 10 11 12 13 14 15 16 17 18 19 20 21 22 23 24 25 26 27 28 29
 44.2 98.5 167.4 243.7 321.6 397 467.2 530.8 587.3 636.7 679.3 715.7 746.6 772.7 794.6 813 828.2 840.9 851.5 860.2 867.5 873.4 878.4 882.4 885.8 888.6 890.8 897.1
#_Selectivity_fishery_scaled_to_max_at_one 2 3 4 5 6 7 8 9 10 11 12 13 14 15 16 17 18 19 20 21 22 23 24 25 26 27 28 29
 0.000829607 0.00964088 0.0365366 0.0875189 0.163044 0.259092 0.368936 0.484807 0.599167 0.705525 0.798872 0.875797 0.934419 0.974184 0.995607 1 0.989217 0.965427 0.930934 0.888026 0.838877 0.785472 0.729566 0.672664 0.616016 0.560631 0.507293 0.456581
#_Numbers_at_age_end_year 2 3 4 5 6 7 8 9 10 11 12 13 14 15 16 17 18 19 20 21 22 23 24 25 26 27 28 29
 84.9401 79.2178 107.935 195.223 55.2351 83.5656 64.2493 82.6039 29.2026 73.8753 31.6032 80.0011 45.6885 55.761 21.3406 25.6067 13.7326 29.9043 18.3202 30.0713 17.5941 25.407 11.2063 8.09896 12.3255 10.0943 4.00528 50.4826
#_N_recruitment_years
41
#_Recruitment_start_at_1977_yearclass=1979_for_age_2_recruits 1979 1980 1981 1982 1983 1984 1985 1986 1987 1988 1989 1990 1991 1992 1993 1994 1995 1996 1997 1998 1999 2000 2001 2002 2003 2004 2005 2006 2007 2008 2009 2010 2011 2012 2013 2014 2015 2016 2017 2018 2019
 43.5778 38.3911 39.8646 51.048 52.5159 54.766 79.3945 119.377 111.543 174.373 137.059 108.958 54.0715 64.6889 66.3827 75.0025 60.9966 138.527 151.871 89.4319 110.859 225.308 139.976 214.67 117.227 171.122 70.06 116.132 85.8571 198.786 144.306 224.087 78.6763 164.028 58.1044 148.137 104.513 124.089 75.3039 245.489 125.583
#_Spawners per recruitment (starting at 1977)
 39.5411 35.2871 36.0337 36.4546 35.6199 34.7564 36.0886 38.8118 41.9879 46.3211 50.3662 53.6713 55.6418 56.9268 58.8638 65.026 73.2597 85.1548 98.6463 111.008 121.122 128.574 133.997 137.112 139.779 142.611 146.316 152.066 159.087 167.75 176.886 187.226 198.137 208.134 215.428 221.454 225.727 230.214 233.166 236.442 238.19 238.954 238.053
