# Number of parameters = 169 Objective function value = 267.964008156713  Maximum gradient component = 0.000106385691148888
# log_mean_rec:
8.17719757138
# sigr:
0.398445378481
# a50:
2.73108728246
# delta:
6.02982617696
# a502:
6.30233146045
# delta2:
1.73158757492
# a503:
3.32681357079
# delta3:
15.3512406896
# a50_srv1:
14.8758699344
# delta_srv1:
9.75751046822
# a50_srv2:
7.30000000000
# delta_srv2:
3.80000000000
# log_avg_F:
-4.50375105156
# log_F_devs:
 -0.397982501901 0.970963457654 1.66727363678 2.19993248091 2.50923158955 1.91034819162 1.39215796570 1.24182450899 0.954339491497 0.489583753449 1.03021136442 1.02484804503 0.714709392717 0.644740440145 0.677034206340 0.619791780014 0.134620214272 -0.824999760446 -0.755354384896 -0.456146710785 -0.447440393551 -1.08098023954 -1.71026155703 -1.72364277387 -2.94592521267 -1.92517412598 -1.20329038804 -0.562208578906 -0.248557534906 -0.171988689533 -0.924055445209 -1.01317564863 -2.26672549843 -2.47289427557 -1.39704111393 -0.662505837819 -0.574629232157 -0.657947931165 -0.494104925911 -0.511314260957 -0.429868975692 -0.336612987834 -0.416526656294 -0.362366841711 -0.429599450574 -0.286720766820 0.246957331979 0.174265742638 0.184758414389 0.344720470097 0.234898099735 0.271044357701 0.142006947167 0.432307947679 0.488988237073 0.697568619616 0.741077635572 0.785909388414 0.828495505632 0.832036446452 0.988635303930 1.03008758748 1.08466730677
# mat_a50:
9.50736120202
# mat_delta:
0.673748055484
# log_rec_dev:
 -0.0170412691872 -0.0213546609018 -0.0265536416497 -0.0327678669149 -0.0402925058420 -0.0494452456132 -0.0603406385726 -0.0730072162012 -0.0879290308804 -0.105133711364 -0.124257571422 -0.145247594947 -0.167576257266 -0.190018358827 -0.211208958317 -0.229006229896 -0.240619261660 -0.242481531934 -0.229689158047 -0.194863287264 -0.123498928519 0.0166837597252 0.255682308424 0.430582093425 0.550686580788 0.950188265442 0.305738294005 -0.0465178541784 -0.0983521450545 -0.0782091326372 0.0872465844320 0.299257691091 0.166707932133 -0.113183375462 -0.281238362915 -0.262296476296 -0.259094304168 -0.332526737322 -0.388921202245 -0.441100994635 -0.483840990262 -0.497280569115 -0.417352100000 -0.264507401263 -0.371524539679 -0.446523337935 -0.439100663204 -0.341891982196 -0.323723044220 -0.271147319045 -0.0150683560648 0.305239241828 0.303316120463 0.628169848788 0.390928792814 0.0917203195010 -0.272515956327 -0.289434798431 -0.285897724301 -0.166346420811 -0.209051581303 0.328688423027 0.453771548628 0.0731587822773 0.199362635634 0.801672078573 0.447304526843 0.696431324702 0.259058057674 0.433014145540 -0.113867591344 0.0808125785827 -0.0463233528182 0.469126848820 0.306615358821 0.551132140727 -0.0142870502339 0.325903817762 -0.131495134268 0.298379683194 0.0820340324097 0.0211377015640 -0.237156385683 0.222203602909 0.0165105935690 -0.104154260142 -0.133211224964 0.00543519460325 0.00260829622908
# log_q_srv1:
-0.205848298526
# log_q_srv2:
0.00000000000
# cv_cpue:
0.00000000000
# logm:
-1.46967597006
# mF50:
0.706085902936
# mF40:
0.999999041966
# mF35:
0.999999684504
