#Species name here:
Model_1_goa_pop_2023.dat
#SSL Species?
0
#Constant buffer of Dorn?
0
#Number of fisheries?
1
#Number of sexes?
1
#5year_Average_F(endyr-4,endyr_as_estimated_by_ADmodel)
0.060559
#_Author_F_as_fraction_F_40%
1
#ABC SPR
0.4
#MSY SPR
0.35
#_Spawn_month
5
#_Number_of_ages
28
#_F_ratio(must_sum_to_one_only_one_fishery)
1
#_Natural_Mortality 2 3 4 5 6 7 8 9 10 11 12 13 14 15 16 17 18 19 20 21 22 23 24 25 26 27 28 29
 0.0752558 0.0752558 0.0752558 0.0752558 0.0752558 0.0752558 0.0752558 0.0752558 0.0752558 0.0752558 0.0752558 0.0752558 0.0752558 0.0752558 0.0752558 0.0752558 0.0752558 0.0752558 0.0752558 0.0752558 0.0752558 0.0752558 0.0752558 0.0752558 0.0752558 0.0752558 0.0752558 0.0752558
#_Maturity_divided_by_2(projection_program_uses_to_get_female_spawning_biomass_if_divide_by_2 2 3 4 5 6 7 8 9 10 11 12 13 14 15 16 17 18 19 20 21 22 23 24 25 26 27 28 29
 0.00657105 0.0127563 0.0246193 0.0469894 0.0878553 0.158356 0.268761 0.417919 0.583771 0.732603 0.842568 0.9127 0.953321 0.975547 0.987331 0.993474 0.996649 0.998282 0.99912 0.999549 0.999769 0.999882 0.999939 0.999969 0.999984 0.999992 0.999996 0.999998
#_Wt_at_age_spawners 2 3 4 5 6 7 8 9 10 11 12 13 14 15 16 17 18 19 20 21 22 23 24 25 26 27 28 29
 44.3 98.3 166.7 242.4 319.8 394.7 464.5 527.8 584 633.1 675.5 711.8 742.7 768.7 790.5 808.8 824.1 836.8 847.3 856.1 863.3 869.3 874.2 878.3 881.7 884.5 886.8 893
#_Wt_at_age_fishery 2 3 4 5 6 7 8 9 10 11 12 13 14 15 16 17 18 19 20 21 22 23 24 25 26 27 28 29
 44.3 98.3 166.7 242.4 319.8 394.7 464.5 527.8 584 633.1 675.5 711.8 742.7 768.7 790.5 808.8 824.1 836.8 847.3 856.1 863.3 869.3 874.2 878.3 881.7 884.5 886.8 893
#_Selectivity_fishery_scaled_to_max_at_one 2 3 4 5 6 7 8 9 10 11 12 13 14 15 16 17 18 19 20 21 22 23 24 25 26 27 28 29
 0.000884835 0.0101161 0.037974 0.0903518 0.167448 0.264965 0.375955 0.49251 0.60704 0.713074 0.805664 0.881496 0.938796 0.97711 0.997049 1 0.987878 0.962895 0.92738 0.883634 0.833832 0.779953 0.723737 0.666671 0.609988 0.554675 0.501496 0.451012
#_Numbers_at_age_end_year 2 3 4 5 6 7 8 9 10 11 12 13 14 15 16 17 18 19 20 21 22 23 24 25 26 27 28 29
 85.8861 79.6534 64.3348 64.4668 98.7795 137.628 40.4053 60.6454 53.4339 67.3979 25.929 60.9445 25.3141 60.7413 34.3048 41.4903 16.468 19.972 10.7918 23.8598 14.5561 24.2548 14.1431 20.6603 9.34357 6.72425 10.1654 54.6139
#_N_recruitment_years
43
#_Recruitment_start_at_1977_yearclass=1979_for_age_2_recruits 1979 1980 1981 1982 1983 1984 1985 1986 1987 1988 1989 1990 1991 1992 1993 1994 1995 1996 1997 1998 1999 2000 2001 2002 2003 2004 2005 2006 2007 2008 2009 2010 2011 2012 2013 2014 2015 2016 2017 2018 2019 2020 2021
 44.5486 39.3001 40.7387 51.7817 52.7489 56.4428 81.6178 123.039 113.016 173.921 137.065 109.545 56.3226 66.3248 66.2808 77.5166 62.0804 146.08 154.236 92.2708 115.966 232.128 143.96 223.62 121.342 179.236 72.7303 120.198 88.139 196.794 143.792 224.572 82.4925 175.175 65.8896 152.013 107.546 109.626 66.0598 204.94 134.832 81.0874 74.8459
#_Spawners per recruitment (starting at 1977)
 39.8876 35.7113 36.5398 37.0492 36.3074 35.5363 36.9588 39.7688 43.0271 47.4402 51.5598 54.9345 56.9715 58.3291 60.3588 66.6439 75.0085 87.0222 100.59 112.981 123.105 130.587 136.074 139.295 142.117 145.174 149.181 155.304 162.753 171.893 181.559 192.496 204.022 214.616 222.45 228.904 233.45 238.036 240.931 244.064 245.683 246.43 245.639 243.128 239.598
