# Number of parameters = 169 Objective function value = 253.021596171120  Maximum gradient component = 0.0358115673251223
# log_mean_rec:
6.65201171190
# sigr:
0.461879235708
# a50:
2.62322641618
# delta:
5.42415503978
# a502:
6.31476055366
# delta2:
1.79415964102
# a503:
3.19853426146
# delta3:
14.4912000182
# a50_srv1:
10.0434350570
# delta_srv1:
8.11152805188
# a50_srv2:
7.30000000000
# delta_srv2:
3.80000000000
# log_avg_F:
-3.70096038838
# log_F_devs:
 -0.356738016795 1.01667292221 1.73451398148 2.32964819179 2.74767060200 2.23787936618 1.77589396757 1.66050088172 1.39059424891 0.918881164283 1.45203088808 1.45049865656 1.13724335211 1.05724903691 1.07949672832 1.01012880769 0.451430246788 -0.545750532852 -0.516066057891 -0.250913843194 -0.270167417542 -0.927887110731 -1.57631801304 -1.60356881448 -2.83918790455 -1.82960241327 -1.11303289396 -0.470509977066 -0.150467314635 -0.0644326716349 -0.806878233771 -0.887292152993 -2.13464844287 -2.34452262779 -1.28737774054 -0.693892723544 -0.612462386198 -0.701211793059 -0.541238762045 -0.560956392265 -0.481231498100 -0.389168158613 -0.471682394331 -0.420122095545 -0.491107917793 -0.353123710446 -0.136850403205 -0.212036258785 -0.206043483177 -0.0513542919630 -0.167425862508 -0.138824464964 -0.275385595899 0.00613790629828 0.0561272576643 0.258319243009 0.298187819703 0.338663809711 0.378105969464 0.377997031843 0.532658212048 0.572353338754 0.611644381176
# mat_a50:
9.49481123173
# mat_delta:
0.669597983169
# log_rec_dev:
 -0.0600357918813 -0.0703219367599 -0.0817738814255 -0.0945150210717 -0.108486884096 -0.124545103243 -0.141870752048 -0.160666433876 -0.180829786872 -0.202444764619 -0.224259449899 -0.245997165297 -0.266621668726 -0.284324698120 -0.297305510682 -0.302706146596 -0.297114676112 -0.276421554200 -0.234642025477 -0.162998010803 -0.0451429161469 0.163538131479 0.547443808281 0.809290881970 0.677315442987 1.31595223549 0.275271292173 -0.0612506383860 -0.111088329348 -0.108717130939 0.0657409584595 0.314784296409 0.159794925496 -0.147548529869 -0.315620745766 -0.269964801919 -0.258372585445 -0.341190102378 -0.398676854280 -0.452960498098 -0.498793484960 -0.525221061453 -0.480374467092 -0.390326237592 -0.454037098103 -0.501812480366 -0.525831740877 -0.443806381791 -0.405554873830 -0.339399658194 -0.0646048040173 0.276924077136 0.251775886871 0.480275351209 0.496649096235 0.170942291393 -0.366523931885 -0.316631833391 -0.305138192264 -0.201876796474 -0.268172571065 0.350314681721 0.445031537953 0.0448055636493 0.211305600148 0.831095811032 0.458671796950 0.774559976743 0.302097375156 0.517230219578 -0.0989097809325 0.145482372600 -0.00753735720333 0.561623670838 0.372975027151 0.667758750594 0.0127380699836 0.447970177725 -0.109854184134 0.431919184931 0.186367643059 0.108394674364 -0.203248807371 0.372484736825 0.120730742441 -0.0836986488089 -0.110595902475 0.00347578695843 0.00185779442045
# log_q_srv1:
-0.0682100611171
# log_q_srv2:
0.00000000000
# cv_cpue:
0.00000000000
# logm:
-1.77195684193
# mF50:
0.283173437981
# mF40:
0.437932813902
# mF35:
0.549248863808
