#Species name here:
Model_1_goa_pop_2023.dat
#SSL Species?
0
#Constant buffer of Dorn?
0
#Number of fisheries?
1
#Number of sexes?
1
#5year_Average_F(endyr-4,endyr_as_estimated_by_ADmodel)
0.0406965
#_Author_F_as_fraction_F_40%
1
#ABC SPR
0.4
#MSY SPR
0.35
#_Spawn_month
5
#_Number_of_ages
28
#_F_ratio(must_sum_to_one_only_one_fishery)
1
#_Natural_Mortality 2 3 4 5 6 7 8 9 10 11 12 13 14 15 16 17 18 19 20 21 22 23 24 25 26 27 28 29
 0.17 0.17 0.17 0.17 0.17 0.17 0.17 0.17 0.17 0.17 0.17 0.17 0.17 0.17 0.17 0.17 0.17 0.17 0.17 0.17 0.17 0.17 0.17 0.17 0.17 0.17 0.17 0.17
#_Maturity_divided_by_2(projection_program_uses_to_get_female_spawning_biomass_if_divide_by_2 2 3 4 5 6 7 8 9 10 11 12 13 14 15 16 17 18 19 20 21 22 23 24 25 26 27 28 29
 0.00657091 0.012756 0.0246189 0.0469888 0.0878544 0.158355 0.26876 0.417918 0.583771 0.732603 0.842569 0.912701 0.953321 0.975547 0.987331 0.993474 0.996649 0.998282 0.99912 0.999549 0.999769 0.999882 0.999939 0.999969 0.999984 0.999992 0.999996 0.999998
#_Wt_at_age_spawners 2 3 4 5 6 7 8 9 10 11 12 13 14 15 16 17 18 19 20 21 22 23 24 25 26 27 28 29
 44.3 98.3 166.7 242.5 320 395 464.9 528.2 584.5 633.8 676.3 712.7 743.6 769.7 791.7 810 825.4 838.1 848.7 857.5 864.7 870.8 875.7 879.8 883.2 886 888.3 894.6
#_Wt_at_age_fishery 2 3 4 5 6 7 8 9 10 11 12 13 14 15 16 17 18 19 20 21 22 23 24 25 26 27 28 29
 44.3 98.3 166.7 242.5 320 395 464.9 528.2 584.5 633.8 676.3 712.7 743.6 769.7 791.7 810 825.4 838.1 848.7 857.5 864.7 870.8 875.7 879.8 883.2 886 888.3 894.6
#_Selectivity_fishery_scaled_to_max_at_one 2 3 4 5 6 7 8 9 10 11 12 13 14 15 16 17 18 19 20 21 22 23 24 25 26 27 28 29
 0.000287177 0.00309021 0.011662 0.0286586 0.0556734 0.0932115 0.140842 0.197414 0.261284 0.330521 0.403077 0.476925 0.550159 0.621069 0.688177 0.750264 0.806376 0.855812 0.89811 0.933024 0.960499 0.980641 0.993691 1 1 0.994185 0.983088 0.967268
#_Numbers_at_age_end_year 2 3 4 5 6 7 8 9 10 11 12 13 14 15 16 17 18 19 20 21 22 23 24 25 26 27 28 29
 775.78 655.55 493.374 427.375 441.808 478.335 226.053 258.983 234.383 250.236 121.282 176.096 94.501 150.561 92.6182 92.2484 43.0097 41.2484 26.5705 40.4588 26.8289 35.3852 21.2133 25.3037 11.1855 7.77746 9.53117 29.2747
#_N_recruitment_years
43
#_Recruitment_start_at_1977_yearclass=1979_for_age_2_recruits 1979 1980 1981 1982 1983 1984 1985 1986 1987 1988 1989 1990 1991 1992 1993 1994 1995 1996 1997 1998 1999 2000 2001 2002 2003 2004 2005 2006 2007 2008 2009 2010 2011 2012 2013 2014 2015 2016 2017 2018 2019 2020 2021
 491.752 468.811 457.684 496.809 516.181 551.484 725.896 1021.41 996.04 1251.74 1272.4 918.695 536.726 564.184 570.706 632.788 592.197 1099.19 1208.39 809.824 956.535 1777.76 1224.98 1680.04 1047.44 1298.86 701.417 895.6 768.526 1357.82 1124.38 1509.86 784.267 1211.95 693.782 1192.65 932.976 862.993 631.92 1123.83 873.705 712.167 693.267
#_Spawners per recruitment (starting at 1977)
 273.567 273.925 278.141 280.7 280.806 279.893 280.353 281.54 282.698 284.724 286.39 287.833 289.385 292.813 300.475 316.575 338.59 366.642 395.997 421.001 438.036 445.913 446.536 442.607 439.205 439.582 445.793 459.025 477.625 501.098 527.273 554.919 580.578 600.188 610.808 614.6 613.22 611.428 609.503 609.798 609.405 607.534 602.65 594.7 584.845
