# Number of parameters = 226 Objective function value = 257.028826765682  Maximum gradient component = 6.76039488127148e-05
# log_mean_rec:
4.33571043722
# sigr:
0.771959910149
# a50:
2.50550754207
# delta:
5.00533807645
# a502:
6.26605321447
# delta2:
1.94400254625
# a503:
2.70415994309
# delta3:
8.43566680516
# a50_srv1:
4.74612288243
# delta_srv1:
5.15570303952
# a50_srv2:
7.30000000000
# delta_srv2:
3.80000000000
# log_avg_F:
-2.53996654322
# log_F_devs:
 -0.730692078827 0.473867947435 1.03350255543 1.66676981975 2.21280024423 1.80505413014 1.45089474829 1.43937851307 1.25471263102 0.831577756432 1.41671991628 1.51748351224 1.32626642219 1.38235572655 1.58794439405 1.75972591651 1.36031391761 0.432071011555 0.463294480700 0.747990441776 0.759305498689 0.0881659356032 -0.631816882641 -0.751533466359 -2.08645187561 -1.16914058641 -0.526393165124 0.0671742663825 0.362528751489 0.428686898304 -0.349314967985 -0.487276054369 -1.80197518277 -2.08366900810 -1.08340197794 -0.620788303109 -0.564937791017 -0.674164791048 -0.528381370495 -0.560426910379 -0.490470189142 -0.406672125211 -0.499695620014 -0.455968462601 -0.532919434451 -0.399283223027 -0.694201419565 -0.785283693330 -0.796185390818 -0.653737612395 -0.781143765161 -0.763019180207 -0.909782902100 -0.638905123841 -0.597857095724 -0.401895619204 -0.364551967041 -0.325350478352 -0.285742696355 -0.283965582946 -0.151591081113
# mat_a50:
9.49480975917
# mat_delta:
0.669595237987
# log_rec_dev:
 -0.225486405468 -0.240615905986 -0.253434567487 -0.265271855601 -0.277148296239 -0.289307604083 -0.299945408374 -0.308996296226 -0.316944291820 -0.322726882422 -0.324511773962 -0.321732151818 -0.312797007277 -0.295267645518 -0.266797383480 -0.224510023433 -0.165907971277 -0.0910370351820 -0.00654752164909 0.0685409727972 0.110634217923 0.126973702845 3.07799076964 0.273858607686 0.300487453478 2.98511254242 0.233669831036 0.431130604565 0.819619629157 0.433024801149 0.477103601886 1.14654877081 0.585064971361 0.00918710708551 -0.326410094572 -0.303511013385 -0.481735181490 -0.782051134554 -0.921781878819 -1.00790311165 -1.07089438976 -1.08576805290 -0.912445271800 -0.480509784085 -0.735132665528 -0.857027098009 -0.817342089621 -0.573919311964 -0.545459139341 -0.505672157016 -0.144247312927 0.254505433585 0.194221383347 0.632647839797 0.401000410171 0.174884303452 -0.521733591522 -0.344134817680 -0.308830611236 -0.194266907852 -0.387730368947 0.426057607140 0.516368157599 -0.00560001922319 0.209330386879 0.903047667988 0.441406219478 0.852850264323 0.266862420701 0.624964631160 -0.238179392900 0.241735657444 -0.0375580740321 0.779452991482 0.477452237335 0.899684696342 -0.113882884341 0.589642455160 -0.414417614671 0.492375083110 0.168249314155 0.341628932780 -0.127697422488 1.05361059234 0.400220037334 0.00761123673963 0.00281931671509
# log_q_srv1:
0.556598315121
# log_q_srv2:
0.00000000000
# cv_cpue:
0.00000000000
# logm:
-2.52120026210
# m_devs:
 -0.269302040017 -0.00160280708718 -0.00127875977044 -0.00103315213479 -0.000590369819590 0.000441478478210 0.000527623767866 0.000568100724436 0.000500594384795 0.000831938695325 0.00151182718221 0.00174518051857 0.00164047338364 0.00127855264680 0.00113877042925 0.00106601615718 0.000439150822968 0.000600952797527 0.000589875750355 0.000404743106160 0.000176663907749 0.000256288197786 0.000241338374232 -0.000155745190362 -0.000577915692338 -0.000544996161382 -0.00113577239202 -0.00105345209977 -0.00477211184184 0.000372320550595 0.000237539068974 0.00271596246211 -8.08653908412e-05 0.000146129413761 0.00288678283205 -0.000842577236714 -0.000286708162050 -3.52770610209e-05 -0.00128639107228 0.00136403318787 -0.00123960194570 -0.0101867284460 -0.000632877178418 0.000417062905040 -0.000176431761513 -0.00425495316895 -0.000652580122977 -0.00641663360910 -0.000542253770903 -0.00359739062912 -0.000128994213358 0.00618903072954 -0.000187331487672 0.00197036579174 2.37865374164e-05 0.00498414128086 -0.000880855158888 0.00398653140611 0.000130960939662 0.00495556249364
# mF50:
0.0606654320568
# mF40:
0.0850400238131
# mF35:
0.101159299681
