#Species name here:
Model_1_goa_pop_2021.dat
#SSL Species?
0
#Constant buffer of Dorn?
0
#Number of fisheries?
1
#Number of sexes?
1
#5year_Average_F(endyr-4,endyr_as_estimated_by_ADmodel)
0.0596308
#_Author_F_as_fraction_F_40%
1
#ABC SPR
0.4
#MSY SPR
0.35
#_Spawn_month
5
#_Number_of_ages
28
#_F_ratio(must_sum_to_one_only_one_fishery)
1
#_Natural_Mortality 2 3 4 5 6 7 8 9 10 11 12 13 14 15 16 17 18 19 20 21 22 23 24 25 26 27 28 29
 0.0614006 0.0614006 0.0614006 0.0614006 0.0614006 0.0614006 0.0614006 0.0614006 0.0614006 0.0614006 0.0614006 0.0614006 0.0614006 0.0614006 0.0614006 0.0614006 0.0614006 0.0614006 0.0614006 0.0614006 0.0614006 0.0614006 0.0614006 0.0614006 0.0614006 0.0614006 0.0614006 0.0614006
#_Maturity_divided_by_2(projection_program_uses_to_get_female_spawning_biomass_if_divide_by_2 2 3 4 5 6 7 8 9 10 11 12 13 14 15 16 17 18 19 20 21 22 23 24 25 26 27 28 29
 0.00657105 0.0127563 0.0246193 0.0469894 0.0878553 0.158356 0.268761 0.417919 0.583771 0.732603 0.842568 0.9127 0.953321 0.975547 0.987331 0.993474 0.996649 0.998282 0.99912 0.999549 0.999769 0.999882 0.999939 0.999969 0.999984 0.999992 0.999996 0.999998
#_Wt_at_age_spawners 2 3 4 5 6 7 8 9 10 11 12 13 14 15 16 17 18 19 20 21 22 23 24 25 26 27 28 29
 44.2 98.5 167.4 243.7 321.6 397 467.2 530.8 587.3 636.7 679.3 715.7 746.6 772.7 794.6 813 828.2 840.9 851.5 860.2 867.5 873.4 878.4 882.4 885.8 888.6 890.8 897.1
#_Wt_at_age_fishery 2 3 4 5 6 7 8 9 10 11 12 13 14 15 16 17 18 19 20 21 22 23 24 25 26 27 28 29
 44.2 98.5 167.4 243.7 321.6 397 467.2 530.8 587.3 636.7 679.3 715.7 746.6 772.7 794.6 813 828.2 840.9 851.5 860.2 867.5 873.4 878.4 882.4 885.8 888.6 890.8 897.1
#_Selectivity_fishery_scaled_to_max_at_one 2 3 4 5 6 7 8 9 10 11 12 13 14 15 16 17 18 19 20 21 22 23 24 25 26 27 28 29
 0.000940882 0.011057 0.0418929 0.0998558 0.184638 0.290744 0.40979 0.532571 0.650553 0.756763 0.846179 0.915765 0.964267 0.991902 1 0.990648 0.966386 0.929948 0.884065 0.831323 0.774066 0.714343 0.653885 0.594104 0.536111 0.48074 0.428584 0.380028
#_Numbers_at_age_end_year 2 3 4 5 6 7 8 9 10 11 12 13 14 15 16 17 18 19 20 21 22 23 24 25 26 27 28 29
 76.5948 72.3973 100.789 181.834 52.1951 77.7026 60.4625 76.877 28.3619 70.3505 31.4989 78.2838 46.217 56.2568 22.3826 26.6939 14.9398 32.1404 20.4567 33.5295 20.2878 29.383 13.3874 9.83657 15.1034 12.5926 5.11143 70.7191
#_N_recruitment_years
41
#_Recruitment_start_at_1977_yearclass=1979_for_age_2_recruits 1979 1980 1981 1982 1983 1984 1985 1986 1987 1988 1989 1990 1991 1992 1993 1994 1995 1996 1997 1998 1999 2000 2001 2002 2003 2004 2005 2006 2007 2008 2009 2010 2011 2012 2013 2014 2015 2016 2017 2018 2019
 36.6194 32.417 33.7293 43.0254 44.2675 46.0643 66.1195 98.5157 92.7522 143.791 114.058 90.9759 45.3304 54.1401 56.0856 62.8935 51.8306 116.953 128.006 75.9527 94.1643 188.436 118.761 179.21 99.7406 142.69 60.1915 97.2657 73.5637 166.528 123.12 187.803 68.1579 137.738 50.4656 124.971 90.3743 107.484 67.2228 219.055 113.969
#_Spawners per recruitment (starting at 1977)
 34.9611 30.6838 31.4023 31.8549 31.1002 30.3312 31.7512 34.5687 37.8582 42.3341 46.5711 50.0947 52.2584 53.6435 55.5473 61.538 69.4776 81.0295 94.2491 106.524 116.823 124.758 130.894 134.838 138.35 141.942 146.303 152.694 160.296 169.491 179.134 190.063 201.69 212.677 221.178 228.632 234.422 240.335 244.639 249.168 252.145 254.098 254.451
