# Number of parameters = 169 Objective function value = 274.186842851183  Maximum gradient component = 9.72374877433366e-05
# log_mean_rec:
10.0328108668
# sigr:
0.333117875059
# a50:
2.87415338277
# delta:
6.97306915522
# a502:
6.58415813566
# delta2:
1.85792739308
# a503:
3.25614146663
# delta3:
12.8002516060
# a50_srv1:
19.9783907910
# delta_srv1:
9.62040341545
# a50_srv2:
7.30000000000
# delta_srv2:
3.80000000000
# log_avg_F:
-5.59284009972
# log_F_devs:
 -0.546162207984 0.828495599942 1.52115393139 2.03088601845 2.30432889624 1.67997824498 1.14660386474 0.994109784937 0.715697023820 0.270555229350 0.831719092862 0.840098726932 0.538181684960 0.472991429143 0.507644468361 0.451101208661 0.0599862175774 -0.898625790500 -0.831516805978 -0.539338558903 -0.539720369103 -1.17987486541 -1.81076222152 -1.82322438018 -3.04457485479 -2.02176228188 -1.29429413493 -0.644775199379 -0.320999890036 -0.229937880984 -0.963996869578 -1.03601346141 -2.27402260422 -2.47144084631 -1.39845792673 -0.423483057724 -0.334095453000 -0.420846633574 -0.264088524238 -0.290445105703 -0.218608193485 -0.134146722764 -0.219869462785 -0.169011272101 -0.236032231444 -0.0898189485433 0.315191079571 0.241167485190 0.253714354027 0.418565082161 0.316097648175 0.362262946052 0.243853390710 0.546330372191 0.612992174892 0.831128210575 0.880885260024 0.932191902850 0.979001624295 0.986733829179 1.14483459360 1.18671043657 1.22474966328
# mat_a50:
9.54354828107
# mat_delta:
0.689274543596
# log_rec_dev:
 -0.00345782564272 -0.00461577688497 -0.00612432522176 -0.00805040658468 -0.0105505327551 -0.0138149778285 -0.0180511588418 -0.0233654661052 -0.0301348705031 -0.0386210312832 -0.0488962155842 -0.0612332474034 -0.0756342204607 -0.0917524003906 -0.108996965827 -0.126228560058 -0.141749783132 -0.153257123459 -0.157271128004 -0.147808260764 -0.111858097295 -0.0224766343387 0.134514223301 0.283911803505 0.495944876776 0.753932813913 0.258286224879 -0.0277922551996 -0.0916777767542 -0.0823716300331 0.0611831272958 0.198332984510 0.0852931357011 -0.128716866894 -0.239796796248 -0.228439787643 -0.222245881486 -0.242803400795 -0.257375216378 -0.284486804664 -0.310614387580 -0.325535083180 -0.297405715095 -0.245346687532 -0.288754008280 -0.330213348872 -0.363572670803 -0.336602969354 -0.333798287549 -0.296255350351 -0.0918233757339 0.173687945791 0.231716721971 0.424423508941 0.433532609153 0.152135254593 -0.260716328285 -0.259863214102 -0.253481210593 -0.134733189340 -0.147586624960 0.307698676025 0.440927095937 0.100265051674 0.196229302779 0.734428694388 0.424142667844 0.590250037219 0.218197057803 0.323090195172 -0.124673392944 0.00497321712315 -0.0835678238664 0.331642706844 0.216599772275 0.382180427435 -0.0551714263931 0.174544318294 -0.157712675636 0.157559861158 0.000308020199061 -0.0398780967636 -0.229255160889 0.127611311685 -0.0253561920192 -0.0933611137373 -0.119784167335 0.00511965629916 0.00236880196896
# log_q_srv1:
-0.215768702964
# log_q_srv2:
0.00000000000
# cv_cpue:
0.00000000000
# logm:
-1.23787435600
# mF50:
0.999999396835
# mF40:
0.999999826092
# mF35:
0.999999871711
