#Species name here:
Model_1_goa_pop_2023.dat
#SSL Species?
0
#Constant buffer of Dorn?
0
#Number of fisheries?
1
#Number of sexes?
1
#5year_Average_F(endyr-4,endyr_as_estimated_by_ADmodel)
0.0112968
#_Author_F_as_fraction_F_40%
1
#ABC SPR
0.4
#MSY SPR
0.35
#_Spawn_month
5
#_Number_of_ages
28
#_F_ratio(must_sum_to_one_only_one_fishery)
1
#_Natural_Mortality 2 3 4 5 6 7 8 9 10 11 12 13 14 15 16 17 18 19 20 21 22 23 24 25 26 27 28 29
 0.29 0.29 0.29 0.29 0.29 0.29 0.29 0.29 0.29 0.29 0.29 0.29 0.29 0.29 0.29 0.29 0.29 0.29 0.29 0.29 0.29 0.29 0.29 0.29 0.29 0.29 0.29 0.29
#_Maturity_divided_by_2(projection_program_uses_to_get_female_spawning_biomass_if_divide_by_2 2 3 4 5 6 7 8 9 10 11 12 13 14 15 16 17 18 19 20 21 22 23 24 25 26 27 28 29
 0.00548861 0.0108756 0.0214357 0.0418163 0.0799904 0.147644 0.256559 0.407417 0.578013 0.731824 0.844641 0.915479 0.955711 0.977268 0.988459 0.994174 0.997067 0.998526 0.999259 0.999628 0.999813 0.999906 0.999953 0.999976 0.999988 0.999994 0.999997 0.999999
#_Wt_at_age_spawners 2 3 4 5 6 7 8 9 10 11 12 13 14 15 16 17 18 19 20 21 22 23 24 25 26 27 28 29
 44.3 98.3 166.7 242.5 320 395 464.9 528.2 584.5 633.8 676.3 712.7 743.6 769.7 791.7 810 825.4 838.1 848.7 857.5 864.7 870.8 875.7 879.8 883.2 886 888.3 894.6
#_Wt_at_age_fishery 2 3 4 5 6 7 8 9 10 11 12 13 14 15 16 17 18 19 20 21 22 23 24 25 26 27 28 29
 44.3 98.3 166.7 242.5 320 395 464.9 528.2 584.5 633.8 676.3 712.7 743.6 769.7 791.7 810 825.4 838.1 848.7 857.5 864.7 870.8 875.7 879.8 883.2 886 888.3 894.6
#_Selectivity_fishery_scaled_to_max_at_one 2 3 4 5 6 7 8 9 10 11 12 13 14 15 16 17 18 19 20 21 22 23 24 25 26 27 28 29
 1.19006e-05 0.000302259 0.00185275 0.00634582 0.0158 0.0321532 0.056929 0.0910321 0.134666 0.187354 0.248028 0.315158 0.386902 0.461252 0.536164 0.609674 0.679984 0.745523 0.804989 0.857364 0.901923 0.938213 0.96604 0.985436 0.996626 1 0.996072 0.985452
#_Numbers_at_age_end_year 2 3 4 5 6 7 8 9 10 11 12 13 14 15 16 17 18 19 20 21 22 23 24 25 26 27 28 29
 22815.1 17118.8 11305.3 8685.62 6955.95 6064.05 3174.46 2868.72 2232.29 1951.88 1063.42 1106.4 655.814 756.955 477.788 399.043 196.015 159.274 104.013 120.973 80.948 87.2639 54.9226 55.6668 24.1548 16.3133 17.0528 32.8847
#_N_recruitment_years
43
#_Recruitment_start_at_1977_yearclass=1979_for_age_2_recruits 1979 1980 1981 1982 1983 1984 1985 1986 1987 1988 1989 1990 1991 1992 1993 1994 1995 1996 1997 1998 1999 2000 2001 2002 2003 2004 2005 2006 2007 2008 2009 2010 2011 2012 2013 2014 2015 2016 2017 2018 2019 2020 2021
 17052.6 16360 15823.3 16255.8 16301.5 16925.1 20764.2 27078.6 28696.4 34795.2 35113.6 26501.2 17537.5 17552.4 17664.8 19892.1 19638 30961.8 35374.2 25161.6 27695.9 47440.9 34785.4 41071.1 28311.1 31442 20093.2 22874.6 20936.4 31712.1 28265.9 33355.9 21539.4 27101.8 19440.2 26645.4 22768.2 21871.3 18098 25859.2 22191.3 20732.3 20191.7
#_Spawners per recruitment (starting at 1977)
 3194.79 3081.65 2983.71 2897.05 2820.55 2755.01 2702.11 2660.33 2627.17 2601.5 2581.94 2573.17 2584.39 2628.29 2717.24 2860.04 3047.55 3258.2 3453.61 3593.16 3650.51 3627.96 3558.46 3489.18 3461.34 3499.67 3607.14 3770.27 3964.73 4172.33 4373.45 4541.63 4643.71 4661.52 4599.29 4486.09 4357.91 4250.31 4176.62 4131.29 4090.61 4036.68 3962.69 3874.77 3782.74
