# Number of parameters = 169 Objective function value = 253.815416856909  Maximum gradient component = 4.66840860629179e-05
# log_mean_rec:
4.47653277584
# sigr:
0.746680000000
# a50:
2.52880504772
# delta:
5.04678450355
# a502:
6.32598568326
# delta2:
1.99060380249
# a503:
2.81019836466
# delta3:
9.80842276786
# a50_srv1:
5.76007045836
# delta_srv1:
6.03268307695
# a50_srv2:
7.30000000000
# delta_srv2:
3.80000000000
# log_avg_F:
-2.59786384794
# log_F_devs:
 -0.823933915847 0.438124148353 1.04776518939 1.69897751935 2.25718188242 1.84002232191 1.47547885228 1.46188460434 1.27795883673 0.858128688993 1.44879207286 1.55210265457 1.36071025079 1.41491163360 1.61452877351 1.77117200500 1.35875231582 0.412429002844 0.428090326116 0.693137560980 0.683051626916 0.000458317135454 -0.715976790540 -0.825130788567 -2.14948275602 -1.22369486398 -0.573448117057 0.0258701572961 0.324388407185 0.395596312254 -0.377511443368 -0.505684657861 -1.80623330486 -2.07466695591 -1.06895546561 -0.595750804285 -0.538659879444 -0.647848711178 -0.503133906225 -0.536172493697 -0.468333729087 -0.386781805630 -0.482500677497 -0.442326089275 -0.523982680022 -0.395890708647 -0.660493769474 -0.753483241164 -0.766538032602 -0.626799582628 -0.756728264106 -0.740497329752 -0.888236258915 -0.618130966626 -0.576716361972 -0.380556861924 -0.343339858966 -0.305671617746 -0.268979606631 -0.270257364334 -0.114524500811 -0.0728038050428 -0.0296546096036
# mat_a50:
9.49480977070
# mat_delta:
0.669595255482
# log_rec_dev:
 -0.289721573569 -0.306952818489 -0.321908425265 -0.335879352295 -0.349839120882 -0.364097977773 -0.376693611394 -0.387812394538 -0.397933027816 -0.405965710808 -0.410275247784 -0.410270233463 -0.404469596373 -0.390564608133 -0.366294911554 -0.328797491771 -0.275252331325 -0.204418331192 -0.119318133428 -0.0316248468799 0.0421959938239 0.105528623661 2.87921217525 0.341764079165 0.351351857998 2.91568404667 0.213420016495 0.406545197515 0.805584414968 0.427282499484 0.482015947740 1.12404244413 0.548385224571 0.0122419136271 -0.288894936722 -0.260316042878 -0.410328121150 -0.660683988991 -0.764373086770 -0.834823786692 -0.886086398075 -0.904809511456 -0.789502581480 -0.556887648339 -0.652223039499 -0.697323120189 -0.717977982367 -0.539627638100 -0.484417953081 -0.428642246049 -0.0817925221278 0.341011691486 0.208495765667 0.522381669869 0.545095335695 0.263106744568 -0.483038463578 -0.271062830610 -0.273680711957 -0.115419103197 -0.329134748764 0.523873525046 0.585693177827 0.0790911885723 0.311729192187 1.01089519878 0.529382951523 0.980126500569 0.368060631716 0.758413047831 -0.145026412012 0.356508372694 0.0341983349547 0.808812413871 0.499027869860 0.948622451003 -0.0317338024699 0.751684203073 -0.211268701619 0.734435638721 0.366525028495 0.312299738402 -0.261041301161 0.816855058068 0.407624848331 -0.0817996267968 -0.138073856528 0.00311790649178 0.00186350300781
# log_q_srv1:
0.581692885573
# log_q_srv2:
0.00000000000
# cv_cpue:
0.00000000000
# logm:
-2.58545969323
# mF50:
0.0703056289875
# mF40:
0.100792705804
# mF35:
0.121567893282
