# Number of parameters = 169 Objective function value = 266.834817767976  Maximum gradient component = 0.410378391645705
# log_mean_rec:
9.44962757250
# sigr:
0.340396017776
# a50:
2.82299912066
# delta:
6.61303208776
# a502:
6.45072428362
# delta2:
1.79608477094
# a503:
3.27702639271
# delta3:
13.4939122063
# a50_srv1:
18.4901801590
# delta_srv1:
9.78619966814
# a50_srv2:
7.30000000000
# delta_srv2:
3.80000000000
# log_avg_F:
-5.27228673816
# log_F_devs:
 -0.498489921570 0.874269601485 1.56698433945 2.08055403047 2.36060918125 1.74226681156 1.21292289176 1.05990361465 0.777421987009 0.325923643616 0.881074387079 0.885817486735 0.581893905844 0.514956886547 0.547516959075 0.488700952049 0.0620848142824 -0.898079986612 -0.831570108679 -0.538900075174 -0.538082125602 -1.17679329389 -1.80611032611 -1.81665987915 -3.03624462977 -2.01233119653 -1.28451010636 -0.635003877582 -0.311246444612 -0.220294518390 -0.954143835037 -1.02445311930 -2.26014480426 -2.45526879615 -1.37983806999 -0.495674991411 -0.405812518600 -0.491546585583 -0.333339133036 -0.357932298048 -0.284284734232 -0.198113536482 -0.282731201449 -0.231231062838 -0.298352364185 -0.152937359008 0.321470577041 0.247792210625 0.259459553781 0.422339466509 0.316902597125 0.359225724860 0.236699643726 0.534719031354 0.597479913547 0.811932756662 0.858842326546 0.907346102125 0.951903624496 0.957490567520 1.11411018691 1.15487694331 1.19246497554
# mat_a50:
9.52977300514
# mat_delta:
0.682797295856
# log_rec_dev:
 -0.00560344535986 -0.00728398216160 -0.00947145571409 -0.0122612718486 -0.0157433255354 -0.0202707303383 -0.0258241387908 -0.0328460561527 -0.0413319582131 -0.0518939172747 -0.0643453274349 -0.0789090274744 -0.0952781521048 -0.113304002664 -0.131674962946 -0.149478159252 -0.164405614897 -0.174002993372 -0.174114661009 -0.158659774327 -0.114849820524 -0.0153522715533 0.156594587772 0.310952447855 0.501654562962 0.788007232358 0.279319434828 -0.0276799272841 -0.0893057071642 -0.0763214067900 0.0695968187296 0.220335037978 0.110029949159 -0.112292665351 -0.236284459163 -0.220856424238 -0.211006388444 -0.240739819058 -0.261440155965 -0.292577136772 -0.322235376696 -0.340043350465 -0.312676683363 -0.259692021040 -0.304031366156 -0.344581507249 -0.375007242779 -0.341918342267 -0.334614753809 -0.297277985631 -0.0917868399220 0.177176466770 0.228271462260 0.423051195645 0.429002057932 0.140190540944 -0.277756751208 -0.276373382859 -0.269127848739 -0.155282729636 -0.168626340032 0.296625190915 0.424251981515 0.0853990306721 0.189160820573 0.730112226198 0.422632111752 0.600126518732 0.224332816978 0.335875765948 -0.119567887048 0.0175046750182 -0.0720133551161 0.356930833777 0.239071923803 0.416573501619 -0.0370221281038 0.207450670786 -0.140566642208 0.188975514378 0.0239046750626 -0.0219066854717 -0.220136840149 0.146389706870 -0.0130598021009 -0.0909275463421 -0.116572602065 0.00482380870992 0.00226790078755
# log_q_srv1:
-0.247737811578
# log_q_srv2:
0.00000000000
# cv_cpue:
0.00000000000
# logm:
-1.30933331998
# mF50:
0.999995949765
# mF40:
0.999999537531
# mF35:
0.999999912795
