#Species name here:
Model_1_goa_pop_2023.dat
#SSL Species?
0
#Constant buffer of Dorn?
0
#Number of fisheries?
1
#Number of sexes?
1
#5year_Average_F(endyr-4,endyr_as_estimated_by_ADmodel)
0.0150994
#_Author_F_as_fraction_F_40%
1
#ABC SPR
0.4
#MSY SPR
0.35
#_Spawn_month
5
#_Number_of_ages
28
#_F_ratio(must_sum_to_one_only_one_fishery)
1
#_Natural_Mortality 2 3 4 5 6 7 8 9 10 11 12 13 14 15 16 17 18 19 20 21 22 23 24 25 26 27 28 29
 0.27 0.27 0.27 0.27 0.27 0.27 0.27 0.27 0.27 0.27 0.27 0.27 0.27 0.27 0.27 0.27 0.27 0.27 0.27 0.27 0.27 0.27 0.27 0.27 0.27 0.27 0.27 0.27
#_Maturity_divided_by_2(projection_program_uses_to_get_female_spawning_biomass_if_divide_by_2 2 3 4 5 6 7 8 9 10 11 12 13 14 15 16 17 18 19 20 21 22 23 24 25 26 27 28 29
 0.00581601 0.011447 0.0224071 0.0434004 0.0824043 0.15093 0.260278 0.410541 0.579585 0.731818 0.843785 0.914469 0.95488 0.976685 0.988084 0.993944 0.996931 0.998447 0.999215 0.999603 0.9998 0.999899 0.999949 0.999974 0.999987 0.999993 0.999997 0.999998
#_Wt_at_age_spawners 2 3 4 5 6 7 8 9 10 11 12 13 14 15 16 17 18 19 20 21 22 23 24 25 26 27 28 29
 44.3 98.3 166.7 242.5 320 395 464.9 528.2 584.5 633.8 676.3 712.7 743.6 769.7 791.7 810 825.4 838.1 848.7 857.5 864.7 870.8 875.7 879.8 883.2 886 888.3 894.6
#_Wt_at_age_fishery 2 3 4 5 6 7 8 9 10 11 12 13 14 15 16 17 18 19 20 21 22 23 24 25 26 27 28 29
 44.3 98.3 166.7 242.5 320 395 464.9 528.2 584.5 633.8 676.3 712.7 743.6 769.7 791.7 810 825.4 838.1 848.7 857.5 864.7 870.8 875.7 879.8 883.2 886 888.3 894.6
#_Selectivity_fishery_scaled_to_max_at_one 2 3 4 5 6 7 8 9 10 11 12 13 14 15 16 17 18 19 20 21 22 23 24 25 26 27 28 29
 1.97643e-05 0.000424537 0.00237285 0.00764271 0.0181994 0.0358014 0.0617291 0.0966438 0.140557 0.192877 0.252514 0.317996 0.387611 0.459525 0.531896 0.602963 0.67112 0.734962 0.793318 0.845264 0.890122 0.927456 0.957047 0.978877 0.993096 1 1 0.993597
#_Numbers_at_age_end_year 2 3 4 5 6 7 8 9 10 11 12 13 14 15 16 17 18 19 20 21 22 23 24 25 26 27 28 29
 12732.3 9744.43 6588.28 5159.81 4257.34 3810.68 2015.22 1873.9 1495.39 1343.65 735.698 792.555 471.72 563.823 358.235 305.59 150.78 124.871 82.4075 98.3217 66.5266 73.2718 46.4059 47.7357 21.0221 14.3361 15.2226 31.5861
#_N_recruitment_years
43
#_Recruitment_start_at_1977_yearclass=1979_for_age_2_recruits 1979 1980 1981 1982 1983 1984 1985 1986 1987 1988 1989 1990 1991 1992 1993 1994 1995 1996 1997 1998 1999 2000 2001 2002 2003 2004 2005 2006 2007 2008 2009 2010 2011 2012 2013 2014 2015 2016 2017 2018 2019 2020 2021
 9373.07 9000.6 8730.87 9024.6 9090.75 9436.59 11589.3 15165.9 15960.9 19393.2 19509 14615.2 9622.61 9635.93 9706 10876.3 10732.2 17090.1 19416.5 13836 15348.7 26363.6 19385.1 23150.1 15898.2 17774.2 11271.8 12927.8 11820.8 18152.4 16134.2 19268 12241.7 15632 11037.6 15345.9 13010.8 12428.2 10193.3 14706.1 12538.6 11599.3 11305.6
#_Spawners per recruitment (starting at 1977)
 2208.9 2134.7 2069.83 2010.23 1955.43 1906.9 1866.94 1834.67 1808.55 1788.37 1772.84 1764.7 1769.46 1795.35 1850.73 1942.63 2064.87 2204.7 2337.01 2434.53 2478.87 2469.96 2427.65 2381.43 2359.01 2377.81 2441.8 2544.41 2670.94 2810.27 2949.39 3071.43 3153.93 3182.82 3158.08 3097.36 3023.23 2959.89 2916.56 2891.5 2869.19 2837.86 2792.06 2735.08 2673.31
