# Number of parameters = 152 Objective function value = 238.103772761698  Maximum gradient component = 9.66763171267477e-005
# log_mean_rec:
4.42166069260
# sigr:
0.768754398805
# a50:
2.51618098666
# delta:
5.05830339581
# a502:
6.28682149255
# delta2:
1.92604808505
# a503:
2.65878557325
# delta3:
7.17489276068
# a50_srv1:
4.83401297971
# delta_srv1:
4.64131737874
# a50_srv2:
7.30000000000
# delta_srv2:
3.80000000000
# log_avg_F:
-2.50161869180
# log_F_devs:
 -0.838168130816 0.375724577852 0.945909582514 1.58495677337 2.12539844871 1.70244478838 1.34134517132 1.32642164823 1.13823738852 0.718681916256 1.30375414029 1.39451730999 1.19454810432 1.24180532054 1.43027118887 1.57031890087 1.14075083954 0.205150430298 0.241693665348 0.528939182131 0.541027765010 -0.121896649269 -0.826497954632 -0.930059464186 -2.24729953328 -1.31328415200 -0.656399635383 -0.0519407987556 0.252306931757 0.326292849994 -0.441238317898 -0.570159478560 -1.87547115111 -2.14828643355 -1.13915319934 -0.665905484150 -0.600073179181 -0.697874878531 -0.539998181324 -0.557942666522 -0.472214361413 -0.371180523357 -0.445278866585 -0.382626551759 -0.440381008088 -0.288710056425 -0.495901868794 -0.572593593785 -0.568466560147 -0.410234536867 -0.520343047099 -0.487379233873 -0.619041524313 -0.334499339239
# mat_a50:
9.49480976535
# mat_delta:
0.669595247585
# log_rec_dev:
 -0.228358064954 -0.243704441245 -0.256773616927 -0.268877649494 -0.281026047588 -0.293470208383 -0.304402235821 -0.313771542810 -0.322058846692 -0.328202438827 -0.330382911672 -0.328033185879 -0.319570823725 -0.302565040302 -0.274672725478 -0.233011340206 -0.175043389218 -0.100664113593 -0.0161358289030 0.0602648491737 0.105512341853 0.126094800278 3.05830880088 0.275638112623 0.292246456101 3.02882392112 0.239652646618 0.449923990504 0.968114400531 0.499231303751 0.526345438850 1.29469862455 0.663891155249 0.110045560461 -0.216093314530 -0.163719870297 -0.327079257406 -0.628588089481 -0.769975108893 -0.858269316443 -0.921552061659 -0.935791645973 -0.758398862416 -0.294790833720 -0.578574217490 -0.713060841205 -0.683012386589 -0.440303922436 -0.425189741248 -0.396180200753 -0.0359675883841 0.370593211244 0.303137599470 0.746286304355 0.499417853006 0.274655514911 -0.465656372047 -0.289352167073 -0.269199249825 -0.183778721273 -0.385972538350 0.407271899562 0.454285595473 -0.0493694807783 0.172792192899 0.850456556117 0.381172483092 0.738958697572 0.203537313830 0.510685486154 -0.374531525975 0.114487702530 0.0346514782886 0.974778358085 0.362755379894 0.603288032453 -0.182343188409 0.105711799454 -0.124494818280 -6.52766765086e-008
# log_q_srv1:
0.582699479536
# log_q_srv2:
0.00000000000
# cv_cpue:
0.00000000000
# logm:
-2.51731552656
# mF50:
0.0781901583357
# mF40:
0.109586043117
# mF35:
0.130456426254
