# Number of parameters = 160 Objective function value = 249.343554205935  Maximum gradient component = 0.000177645989606153
# log_mean_rec:
4.42336952831
# sigr:
0.762939456749
# a50:
2.51971521346
# delta:
5.07543413333
# a502:
6.28704479929
# delta2:
1.93024173692
# a503:
2.72316722054
# delta3:
8.35041306054
# a50_srv1:
5.13356104700
# delta_srv1:
5.12052713638
# a50_srv2:
7.30000000000
# delta_srv2:
3.80000000000
# log_avg_F:
-2.58050290710
# log_F_devs:
 -0.795165739263 0.437462543810 1.02382341486 1.67021045007 2.21634060103 1.79398421963 1.43266661583 1.41795879854 1.23016559584 0.809212347255 1.39408315028 1.48614818783 1.28626790352 1.33302698603 1.52149176139 1.66228284734 1.23332034887 0.294892421322 0.327849708743 0.611524364358 0.619927423990 -0.0467045062263 -0.754241710455 -0.860124761584 -2.17983467667 -1.24840788192 -0.594576078858 0.00602096788991 0.305059787521 0.372820227639 -0.401315186849 -0.535685383397 -1.84586809124 -2.12261558391 -1.11761041474 -0.649171212749 -0.589868873621 -0.694823034014 -0.544900709157 -0.571614570111 -0.495717243933 -0.405257552996 -0.490462771006 -0.438585075363 -0.507377332047 -0.366194451924 -0.613900913501 -0.697667682456 -0.701283120658 -0.552037397499 -0.672320170220 -0.647925244145 -0.787823085831 -0.510008329307 -0.458991386883 -0.251288310743 -0.197719872664 -0.139451219702
# mat_a50:
9.49480975600
# mat_delta:
0.669595278567
# log_rec_dev:
 -0.260354240605 -0.276624587044 -0.290565218972 -0.303505518286 -0.316447850947 -0.329674430459 -0.341267781625 -0.351316293868 -0.360292530645 -0.367116224478 -0.370051937846 -0.368520064745 -0.360985746072 -0.345052632269 -0.318420535701 -0.278204645397 -0.221735598359 -0.148376673680 -0.0629416472916 0.0191650786349 0.0773738567293 0.116164639315 2.99418345713 0.299290766487 0.311612379595 2.99475202174 0.235368762858 0.440267203212 0.913701726589 0.479896787291 0.513721978610 1.24511708259 0.640320015033 0.0813515559592 -0.241905845114 -0.196399595471 -0.357911009794 -0.653497184082 -0.793483610201 -0.880959164258 -0.943284049299 -0.956282232622 -0.779089534138 -0.325073802277 -0.598872364716 -0.728157922631 -0.693237709256 -0.447241054155 -0.423176605378 -0.385316366408 -0.0164053410353 0.395165516894 0.326265827553 0.776286558396 0.531562291934 0.308877100536 -0.415349891229 -0.229395331758 -0.202401996782 -0.0966441015912 -0.304378913894 0.511390530373 0.580645935245 0.0572090711540 0.275544138321 0.974188318315 0.507898139867 0.902706778787 0.310258195660 0.694819987415 -0.195063949496 0.315670747385 0.0538492432291 0.947889151484 0.524035653422 0.804160705786 -0.298264264763 0.336109343543 -0.410977725804 0.163423828746 -0.0639945477894 -0.0201921660190 -0.122838465771 -8.12569282971e-008
# log_q_srv1:
0.540233644802
# log_q_srv2:
0.00000000000
# cv_cpue:
0.00000000000
# logm:
-2.56126389439
# mF50:
0.0727280034495
# mF40:
0.102865285641
# mF35:
0.123102831168
