# Number of parameters = 154 Objective function value = 241.165861454819  Maximum gradient component = 9.90313407570611e-005
# log_mean_rec:
4.41767836767
# sigr:
0.773769629119
# a50:
2.52169558992
# delta:
5.08162541250
# a502:
6.28924641410
# delta2:
1.93419820686
# a503:
2.72176967455
# delta3:
7.90332070190
# a50_srv1:
4.98473356207
# delta_srv1:
4.73037762284
# a50_srv2:
7.30000000000
# delta_srv2:
3.80000000000
# log_avg_F:
-2.49382248577
# log_F_devs:
 -0.850933461022 0.366657167450 0.939902785966 1.57971968734 2.12202556449 1.70017747436 1.33912154751 1.32457810381 1.13699067508 0.717659755246 1.30376260203 1.39642011083 1.19818320134 1.24753154772 1.43951258590 1.58530280549 1.16323509886 0.230276728243 0.267743419136 0.556717445182 0.571301462641 -0.0901724131445 -0.794816999639 -0.898840429431 -2.21706480996 -1.28394163681 -0.627286261841 -0.0220630765729 0.283787157400 0.358951987194 -0.408325124057 -0.538405284887 -1.84580287640 -2.12115939948 -1.11420386459 -0.642122403798 -0.578863987309 -0.679505912127 -0.524539287432 -0.545468769279 -0.462792680999 -0.364889859582 -0.442717486357 -0.383721591149 -0.445638899719 -0.298381149965 -0.505192697593 -0.585596214220 -0.587447818033 -0.437194117424 -0.557226791471 -0.534610025293 -0.677417590307 -0.404357945049 -0.358859088258
# mat_a50:
9.49480975557
# mat_delta:
0.669595289488
# log_rec_dev:
 -0.237755832391 -0.253428938009 -0.266774371011 -0.279131259885 -0.291521443035 -0.304203307231 -0.315330516627 -0.324879897150 -0.333334026746 -0.339619548401 -0.341917574334 -0.339655299632 -0.331244512158 -0.314244034325 -0.286295280306 -0.244485363789 -0.186217438921 -0.111268769357 -0.0256902874725 0.0525232628829 0.100372577941 0.123950894091 3.04999882534 0.280355825823 0.296901372101 3.02455083969 0.237591777527 0.447876201164 0.962082069180 0.493170643357 0.522609702591 1.28412125800 0.656152143536 0.0997887118244 -0.227947886424 -0.179322500407 -0.346609543348 -0.650481105614 -0.794663853662 -0.885610795359 -0.951090945486 -0.966988279228 -0.790782672405 -0.331472568057 -0.613157836741 -0.747410923011 -0.716875067790 -0.475023184618 -0.458635611859 -0.427626678133 -0.0653525733667 0.341913620352 0.276625362407 0.720349413682 0.476230651471 0.254190833045 -0.480715561258 -0.297599162620 -0.273315375018 -0.187315601747 -0.393293730327 0.403272719106 0.461936558032 -0.0431851200856 0.181576427221 0.868669071112 0.405045452382 0.762896658515 0.238212723493 0.630656131622 -0.252739603921 0.239403521988 0.0492605197101 0.983784953824 0.542363541673 0.792593576995 -0.144408116819 0.288181173764 -0.103515530370 0.0103650170552 0.00309442567650
# log_q_srv1:
0.622236794070
# log_q_srv2:
0.00000000000
# cv_cpue:
0.00000000000
# logm:
-2.52812769468
# mF50:
0.0772607655799
# mF40:
0.109503168446
# mF35:
0.131271419764
