# Number of parameters = 150 Objective function value = 238.617406098507  Maximum gradient component = 8.49900383163701e-005
# log_mean_rec:
4.50972261548
# sigr:
0.788043204928
# a50:
2.51437728431
# delta:
5.04137292548
# a502:
6.32368096580
# delta2:
1.93985154548
# a503:
2.66835563745
# delta3:
7.00954268985
# a50_srv1:
4.77374900737
# delta_srv1:
4.44118968015
# a50_srv2:
7.30000000000
# delta_srv2:
3.80000000000
# log_avg_F:
-2.52062099360
# log_F_devs:
 -0.890396266035 0.400806630115 1.05667849130 1.62495260728 2.12862698445 1.72405296403 1.36517881966 1.34669919018 1.15782665133 0.737082306838 1.32107799090 1.40935921922 1.20392063474 1.24568236372 1.42764405192 1.55791581492 1.11501599700 0.173819365061 0.208503164696 0.493657738944 0.503362743227 -0.159820567016 -0.862102819252 -0.963057024260 -2.27762600479 -1.34096231597 -0.682090014164 -0.0768391086729 0.226979666399 0.300459749768 -0.466765618203 -0.594418246689 -1.89809634468 -2.16912439524 -1.15891108497 -0.686293209444 -0.619035639280 -0.715190553143 -0.555481603141 -0.571401441628 -0.483431259495 -0.380102840627 -0.451791571163 -0.387345112369 -0.443923471116 -0.291816557325 -0.475760530078 -0.552840916479 -0.550235936836 -0.395199283506 -0.510816208520 -0.486615374949 -0.631808879889
# mat_a50:
9.49480976569
# mat_delta:
0.669595307958
# log_rec_dev:
 -0.242096079302 -0.258611707517 -0.272997068806 -0.286289554917 -0.299587145619 -0.313285605547 -0.325459383596 -0.336095017026 -0.345682263020 -0.353108825779 -0.356462522930 -0.355178548359 -0.347510900671 -0.330818202529 -0.302332532657 -0.258236597391 -0.194067095873 -0.105440845167 0.0101344838302 0.148757812168 0.295995877667 1.95357572816 0.408470419297 2.69665705547 0.140493541648 2.81328422114 0.426241395797 0.555274314597 0.850854809471 0.448090834887 0.508826528468 1.21640276976 0.626559467594 0.0507213141007 -0.260365746105 -0.201257341320 -0.367101367209 -0.665339845499 -0.807933448609 -0.898428225467 -0.962360427746 -0.975822653282 -0.794722793190 -0.320093800483 -0.611380326285 -0.747888056201 -0.718708760075 -0.473325420718 -0.460278841837 -0.431174969641 -0.0686241073520 0.337574995117 0.271159225095 0.711731574363 0.464124529348 0.240001281211 -0.516008590529 -0.335758202802 -0.314197942086 -0.235661216842 -0.440820342584 0.355055796108 0.397278519166 -0.0997945632126 0.135702607328 0.807124142687 0.340119845022 0.699620016857 0.170582014409 0.486946032163 -0.379872483954 0.100896136106 0.0621018189650 1.27931095050 0.455498192930 0.528770592039 -0.0772991319472 0.0221624319958 0.00600315145925
# log_q_srv1:
0.535764534345
# log_q_srv2:
0.00000000000
# cv_cpue:
0.00000000000
# logm:
-2.49170513672
# mF50:
0.0815544868894
# mF40:
0.114673266086
# mF35:
0.136829930747
