# Number of parameters = 156 Objective function value = 242.794675008523  Maximum gradient component = 0.000194132974405462
# log_mean_rec:
4.43107716718
# sigr:
0.763539461217
# a50:
2.51889001999
# delta:
5.07582293793
# a502:
6.28645725996
# delta2:
1.92719578452
# a503:
2.70111416045
# delta3:
7.84809928819
# a50_srv1:
4.93181477798
# delta_srv1:
4.80153442925
# a50_srv2:
7.30000000000
# delta_srv2:
3.80000000000
# log_avg_F:
-2.53454876501
# log_F_devs:
 -0.823529978469 0.399448802401 0.977541597137 1.62005285309 2.16286539588 1.74022200299 1.37903761042 1.36424355185 1.17641772422 0.756288234884 1.34140530714 1.43312519974 1.23346651619 1.28073008369 1.46951375493 1.61035298657 1.18154932689 0.244691844045 0.279506659549 0.565030038761 0.575352170541 -0.0893583374018 -0.795265961870 -0.899680437178 -2.21783002686 -1.28470077387 -0.628790750873 -0.0254792976287 0.277189274606 0.349171765874 -0.420526335048 -0.551148947486 -1.85811994633 -2.13233901705 -1.12478906999 -0.653388678256 -0.590412584049 -0.691518071107 -0.537433436381 -0.559656769197 -0.478763333144 -0.382837503649 -0.462286891103 -0.404577651957 -0.467209338861 -0.319914541655 -0.544715886598 -0.624006058237 -0.623341328287 -0.469651176043 -0.585216456860 -0.557015095855 -0.693142490196 -0.412500410918 -0.358573654485 -0.149483878456
# mat_a50:
9.49480979017
# mat_delta:
0.669595293838
# log_rec_dev:
 -0.241436876085 -0.257214514024 -0.270715152523 -0.283246066089 -0.295808133657 -0.308666827594 -0.319970360444 -0.329731357582 -0.338426442679 -0.344987998682 -0.347640242871 -0.345812308886 -0.337948093601 -0.321638898160 -0.294569397234 -0.253863500160 -0.196923597245 -0.123380090346 -0.0387321337507 0.0402918878497 0.0920029574769 0.121782744949 3.02118608773 0.288053919234 0.302726808330 3.00596268321 0.237832459556 0.444656610685 0.932026052653 0.487391734930 0.518651991434 1.26179050873 0.648671573333 0.0911844242504 -0.233205282789 -0.185915757753 -0.347753026931 -0.644808341830 -0.784958105830 -0.872704112856 -0.935683928826 -0.949706400626 -0.773620279258 -0.319289387268 -0.595883021026 -0.728117143086 -0.696438011629 -0.454638527190 -0.435689595647 -0.402897568501 -0.0404826062280 0.367151361248 0.300483652555 0.745506037260 0.501543501373 0.277587379122 -0.451633329291 -0.270765863154 -0.244891271124 -0.154013052617 -0.359089918530 0.444236508300 0.501261903635 -0.0205895641681 0.202684189759 0.895960890952 0.426232923291 0.781425006969 0.229588924227 0.621460400544 -0.279566487015 0.189165120008 0.00423817599778 0.956612453259 0.391283465003 0.706862236661 -0.250998583534 0.448065442721 -0.211282864703 0.168538793306 -0.0377758500801 2.10940349632e-008
# log_q_srv1:
0.574810964188
# log_q_srv2:
0.00000000000
# cv_cpue:
0.00000000000
# logm:
-2.53348356559
# mF50:
0.0757391813290
# mF40:
0.106856628132
# mF35:
0.127713220218
