# Number of parameters = 158 Objective function value = 246.354199059950  Maximum gradient component = 9.68030279017296e-005
# log_mean_rec:
4.42748961265
# sigr:
0.770970777059
# a50:
2.52360638959
# delta:
5.09228872178
# a502:
6.28906643466
# delta2:
1.93542121394
# a503:
2.75481454253
# delta3:
8.41929626625
# a50_srv1:
5.10880932743
# delta_srv1:
4.94111136153
# a50_srv2:
7.30000000000
# delta_srv2:
3.80000000000
# log_avg_F:
-2.52710450040
# log_F_devs:
 -0.835715912720 0.390802257215 0.971852674141 1.61514102384 2.15991327559 1.73827870532 1.37703642034 1.36251454483 1.17513518592 0.755128639972 1.34118261756 1.43453006439 1.23628029399 1.28531415678 1.47716538980 1.62305379926 1.20099930048 0.266588401431 0.302379249124 0.589643282333 0.602419734697 -0.0608031144256 -0.766680064516 -0.871552060095 -2.19065980887 -1.25844441025 -0.602912254224 0.000820069656704 0.304555521088 0.377168680750 -0.392829035532 -0.524977413949 -1.83417982084 -2.11087335501 -1.10534401109 -0.635042111835 -0.574344316029 -0.677871287239 -0.526192233426 -0.550929007495 -0.472701389763 -0.379709321912 -0.462696741134 -0.408558476209 -0.475262070056 -0.332360690323 -0.546205663274 -0.629204411560 -0.633686461488 -0.486359834453 -0.609672702449 -0.589882845239 -0.735686359527 -0.465651234887 -0.424170109652 -0.227972845635 -0.188772422953
# mat_a50:
9.49480974742
# mat_delta:
0.669595337713
# log_rec_dev:
 -0.252557586610 -0.268722722411 -0.282547460687 -0.295373712538 -0.308218663303 -0.321355133243 -0.332887274354 -0.342854445225 -0.351737693165 -0.358453660227 -0.361221378444 -0.359462094748 -0.351609228695 -0.335234621774 -0.307997192100 -0.266977372518 -0.209503413644 -0.135080411309 -0.0490137068906 0.0321423736283 0.0866007412588 0.119419241558 3.01271240191 0.293740891963 0.308504845157 3.00136121493 0.235674010469 0.442232398272 0.927174705761 0.480595462160 0.514395723289 1.25214174882 0.641733861399 0.0811353999377 -0.245120916665 -0.200145984051 -0.365904866773 -0.666318766930 -0.809584390230 -0.900063452324 -0.965148712846 -0.980604899619 -0.804867557709 -0.351486713167 -0.627937195701 -0.759926192286 -0.727422150201 -0.484839522949 -0.464462521570 -0.429491287837 -0.0639854592360 0.344468657459 0.279289194889 0.724595026582 0.481602907517 0.259664194719 -0.467134811254 -0.282511965451 -0.254996165535 -0.158220283427 -0.362242295259 0.451427605109 0.512757874023 -0.0157290772080 0.209064683574 0.911821644095 0.451461519746 0.834980088937 0.266359514312 0.663295582041 -0.219523312535 0.289440467931 0.0368730275228 1.02019521699 0.571386257270 0.887898906779 -0.189211160621 0.577471107791 -0.181825627143 0.246272513983 -0.0125561453534 0.0101082695012 0.00319034821288
# log_q_srv1:
0.604325127883
# log_q_srv2:
0.00000000000
# cv_cpue:
0.00000000000
# logm:
-2.54446224331
# mF50:
0.0756780313864
# mF40:
0.107835865266
# mF35:
0.129679767372
