# Number of parameters = 162 Objective function value = 252.974260896162  Maximum gradient component = 8.36908298211856e-005
# log_mean_rec:
4.41960436971
# sigr:
0.773081304772
# a50:
2.52462960440
# delta:
5.09495068048
# a502:
6.29034687580
# delta2:
1.93912753692
# a503:
2.75713542136
# delta3:
8.85609104205
# a50_srv1:
5.38069240235
# delta_srv1:
5.33215394742
# a50_srv2:
7.30000000000
# delta_srv2:
3.80000000000
# log_avg_F:
-2.57150372932
# log_F_devs:
 -0.809461362137 0.427138287803 1.01680638715 1.66419189442 2.21275050972 1.79148420494 1.43012098835 1.41579429709 1.22856524794 0.807813950799 1.39385480088 1.48787504589 1.28975287817 1.33881254313 1.53123329129 1.67849697782 1.25776603394 0.322659740991 0.357096158947 0.643214241352 0.654937669595 -0.00967859155517 -0.717158887906 -0.823673332989 -2.14464967796 -1.21444050216 -0.561178584257 0.0398025617483 0.339978912350 0.408296301441 -0.366473893541 -0.502956994786 -1.81603676469 -2.09588364183 -1.09332147860 -0.626651539746 -0.569808660591 -0.677319017236 -0.529880836385 -0.559117907997 -0.485849625729 -0.398274762563 -0.487080675726 -0.438805026144 -0.511690257517 -0.374715591585 -0.622992101007 -0.710250453230 -0.717802804644 -0.572685481468 -0.697798985322 -0.678664701043 -0.825205774693 -0.555516462545 -0.515065804429 -0.319488933781 -0.280609046538 -0.238464447022 -0.189792911818
# mat_a50:
9.49480975982
# mat_delta:
0.669595260236
# log_rec_dev:
 -0.274742139416 -0.291484772964 -0.305817533830 -0.319112480530 -0.332393184571 -0.345951417441 -0.357816147949 -0.368105806824 -0.377298443800 -0.384294994298 -0.387350426870 -0.385875765025 -0.378320143561 -0.362259924530 -0.335360204169 -0.294677965683 -0.237448335679 -0.162887373982 -0.0756001262912 0.00916833938414 0.0706911533025 0.113137421228 2.98423443456 0.306801833790 0.319336031198 2.98908689092 0.232681793542 0.436996476109 0.908287745372 0.471190656057 0.508398130938 1.23376550262 0.632023081771 0.0682507324680 -0.257352630790 -0.214003392160 -0.381009002982 -0.681479705426 -0.825352864213 -0.916114649375 -0.980997542344 -0.995752249886 -0.818802331864 -0.365082188521 -0.639179014443 -0.767992218125 -0.731808649969 -0.484121740998 -0.458136599586 -0.417619189580 -0.0450179164026 0.367028243326 0.299725203846 0.750129067827 0.507028177044 0.284856937316 -0.436175119460 -0.246752973585 -0.219172834983 -0.107448604003 -0.314768335298 0.509939267940 0.587817353361 0.0610655345144 0.280569498212 0.984724165195 0.521005039652 0.940262679480 0.338128101115 0.714584270914 -0.187408801461 0.348093099719 0.0782572912428 0.963667907680 0.640465104591 1.05125128420 -0.153450903657 0.558762835777 -0.401820594451 0.494382484658 0.0359721242889 0.0808190085398 -0.105970945021 0.00985650405467 0.00343449740553
# log_q_srv1:
0.582522273513
# log_q_srv2:
0.00000000000
# cv_cpue:
0.00000000000
# logm:
-2.57406336981
# mF50:
0.0716982988542
# mF40:
0.101966311131
# mF35:
0.122423908462
