# Number of parameters = 164 Objective function value = 257.964500122222  Maximum gradient component = 8.55080779238746e-005
# log_mean_rec:
4.54477534140
# sigr:
0.760042970039
# a50:
2.51913372470
# delta:
5.06814935806
# a502:
6.32455785288
# delta2:
1.94902600029
# a503:
2.73084377061
# delta3:
8.59801059183
# a50_srv1:
5.22258500339
# delta_srv1:
5.53544567327
# a50_srv2:
7.30000000000
# delta_srv2:
3.80000000000
# log_avg_F:
-2.64574986211
# log_F_devs:
 -0.819777702158 0.520980425218 1.19267143532 1.75727884612 2.26593497816 1.86689998665 1.50864965112 1.48994137209 1.30196538544 0.879208404360 1.46308782049 1.55454672305 1.35009407757 1.39116044455 1.57307004265 1.70454139388 1.26159194702 0.314402926418 0.341664483053 0.619024478651 0.620379840882 -0.0509506735709 -0.758985571951 -0.863730863588 -2.18212622088 -1.24927075296 -0.594841021128 0.00480110606003 0.300805681236 0.365150792254 -0.411624737191 -0.545947892774 -1.85518178357 -2.13000863374 -1.12412713966 -0.657771490953 -0.598724048856 -0.704261811307 -0.555287897310 -0.583457525260 -0.509612609671 -0.421645379283 -0.509610240359 -0.460648944260 -0.532561846738 -0.394221867597 -0.655142210717 -0.740115525619 -0.744367681475 -0.595570414108 -0.716177125347 -0.691757543701 -0.832351120441 -0.556080394605 -0.508937905135 -0.306857806666 -0.261901838704 -0.214063894115 -0.161973607900 -0.148177623462
# mat_a50:
9.49480977363
# mat_delta:
0.669595284173
# log_rec_dev:
 -0.286943515926 -0.304657245183 -0.320186725667 -0.334527806165 -0.348807494524 -0.363478673568 -0.376415164720 -0.387831804598 -0.398164040707 -0.406243897818 -0.410272705377 -0.409595105041 -0.402408358703 -0.385948425186 -0.357167405585 -0.311637700040 -0.243603279106 -0.145854084257 -0.00988840839905 0.172749527450 0.410451628837 1.38518387208 0.562234174946 2.68954113484 0.126910851516 2.69959975288 0.459757062241 0.529208407384 0.719721177994 0.396446739704 0.472177590817 1.09994631534 0.559614062335 -0.0126126146597 -0.318017785019 -0.281833017662 -0.440062007830 -0.716708981237 -0.851676059336 -0.937873509486 -0.998908170114 -1.01042905405 -0.834650949679 -0.397307922281 -0.659158137683 -0.785202286492 -0.748632741653 -0.505448781414 -0.475636327628 -0.430408512181 -0.0600712449610 0.346501832823 0.278988531321 0.722024766642 0.481500243783 0.249940457806 -0.449525016930 -0.276421331389 -0.249699352417 -0.134595584582 -0.336241635786 0.473962461736 0.562044359808 0.0344291233100 0.245506939846 0.947433553240 0.478302585076 0.881265050040 0.286788094210 0.652053062835 -0.226539978166 0.253402157257 -0.0121191755708 0.837158501078 0.529526633768 0.917618815073 -0.177104425416 0.485896141338 -0.495989013030 0.347029311405 -0.0216615438288 0.243446451225 -0.136519493003 1.02210192986 0.341472498213 -7.46114796613e-008
# log_q_srv1:
0.495845345564
# log_q_srv2:
0.00000000000
# cv_cpue:
0.00000000000
# logm:
-2.55182772080
# mF50:
0.0723400795269
# mF40:
0.102434100076
# mF35:
0.122657859363
