# Number of parameters = 148 Objective function value = 232.301962993973  Maximum gradient component = 9.30637674360110e-005
# log_mean_rec:
4.55054932549
# sigr:
0.764609585460
# a50:
2.50369258450
# delta:
5.01438481000
# a502:
6.31796480011
# delta2:
1.91644282451
# a503:
2.59729436103
# delta3:
6.36320134029
# a50_srv1:
4.49238124986
# delta_srv1:
4.29881955732
# a50_srv2:
7.30000000000
# delta_srv2:
3.80000000000
# log_avg_F:
-2.56677350229
# log_F_devs:
 -0.849238258247 0.445740020525 1.10007119659 1.66313512272 2.16242393664 1.75553218854 1.39596926431 1.37610652384 1.18572139821 0.763691896422 1.34461071907 1.42803301322 1.21735734381 1.25256338493 1.42412665967 1.53823877182 1.07496435880 0.125642497834 0.156709201952 0.436162630113 0.438254575688 -0.229626530334 -0.932100427821 -1.03159867523 -2.34339968642 -1.40412008349 -0.744314723578 -0.140653637085 0.159273908176 0.229601350211 -0.538451836012 -0.662973297747 -1.96124239658 -2.22564094958 -1.20985176119 -0.735145141626 -0.662455118070 -0.753143424003 -0.588234120749 -0.599186413824 -0.506269367934 -0.397883855199 -0.463048669569 -0.391862455972 -0.439917208927 -0.277480237392 -0.453090095091 -0.518419229675 -0.499700534903 -0.325600268107 -0.418671816130 -0.370609148292
# mat_a50:
9.49480978390
# mat_delta:
0.669595273458
# log_rec_dev:
 -0.221410754195 -0.237239025960 -0.251119549103 -0.263993183209 -0.276906398868 -0.290243447836 -0.302162937879 -0.312620593011 -0.322090904066 -0.329487647222 -0.332929214685 -0.331850021600 -0.324516543480 -0.308306096862 -0.280450649995 -0.237114775585 -0.173759120748 -0.0857884010776 0.0297665676479 0.169818279105 0.320331414863 1.88339644388 0.421803321870 2.68901639090 0.141666234431 2.78798268828 0.429548094690 0.548011457643 0.821303774059 0.447081544298 0.509382908310 1.20239086282 0.629122468947 0.0564301927649 -0.246825786389 -0.183315454438 -0.335396294669 -0.620576221401 -0.753688351036 -0.836360150053 -0.894402273664 -0.903940003590 -0.722956469949 -0.252104130993 -0.539627810557 -0.675205073521 -0.646840061816 -0.403560852744 -0.390746036520 -0.364091792271 -0.00688424208311 0.394051307872 0.322237663224 0.760286525076 0.509080904722 0.281803456956 -0.473934471691 -0.310280314237 -0.293189103738 -0.223807210899 -0.426107716078 0.360471453133 0.390793007549 -0.107728315221 0.127168745040 0.759926486372 0.289021961048 0.574610438321 0.0184758532277 0.275367984997 -0.499173096841 -0.0614487545682 -0.0696321457551 1.00810341243 0.0687596172928 0.138640061841 -0.131939382989 -5.81992267712e-008
# log_q_srv1:
0.417255588115
# log_q_srv2:
0.00000000000
# cv_cpue:
0.00000000000
# logm:
-2.46369809841
# mF50:
0.0831284781494
# mF40:
0.115548970227
# mF35:
0.136850876344
