# Number of parameters = 166 Objective function value = 263.506663203947  Maximum gradient component = 0.000183265903344999
# log_mean_rec:
4.43721871272
# sigr:
0.772186763433
# a50:
2.52765935713
# delta:
5.10852904169
# a502:
6.29204320123
# delta2:
1.94393848089
# a503:
2.77359020018
# delta3:
9.14266215512
# a50_srv1:
5.57320999189
# delta_srv1:
5.87472628177
# a50_srv2:
7.30000000000
# delta_srv2:
3.80000000000
# log_avg_F:
-2.57174047609
# log_F_devs:
 -0.822378502199 0.420484561840 1.01582178284 1.66528024623 2.21575124460 1.79504409325 1.43341952852 1.41920881256 1.23250946711 0.811667975551 1.39843811606 1.49410372315 1.29709513708 1.34728722582 1.54173819898 1.69241815815 1.27581648945 0.341633103508 0.375920660739 0.662243710400 0.674450741665 0.00968513815195 -0.698471913759 -0.805630414794 -2.12755791248 -1.19823782447 -0.545632079648 0.0550300052727 0.355013777470 0.423102072950 -0.352630780194 -0.489837158484 -1.80365855494 -2.08392898600 -1.08150196126 -0.613949300745 -0.557667484923 -0.665991423385 -0.519418507572 -0.549772070758 -0.477860481698 -0.391895068481 -0.482833417000 -0.436747974857 -0.512039844484 -0.377334443484 -0.627402388707 -0.716133736049 -0.725194995717 -0.581313052359 -0.707386314919 -0.688392320169 -0.834491895785 -0.564208865923 -0.523608697177 -0.329057875748 -0.292957475226 -0.255762309859 -0.217422322914 -0.215695620761 -0.0791586588107
# mat_a50:
9.49480973586
# mat_delta:
0.669595300873
# log_rec_dev:
 -0.285182764069 -0.302320901759 -0.317052837355 -0.330744842386 -0.344417421634 -0.358372693554 -0.370612453987 -0.381288121755 -0.390877454738 -0.398274455364 -0.401753656206 -0.400721558551 -0.393634920989 -0.378073225870 -0.351702146667 -0.311559675959 -0.254812838700 -0.180475817969 -0.0926589476854 -0.00566742059169 0.0606432447107 0.110060060924 2.95043814122 0.319763905879 0.331223127415 2.96462148390 0.230379586643 0.430060424259 0.874709001069 0.456016152598 0.498055568791 1.19996315498 0.613543024916 0.0460948217045 -0.279220060584 -0.241790603893 -0.409614594850 -0.707455967719 -0.851261659572 -0.942644314467 -1.00833407364 -1.02386968332 -0.848625598869 -0.403588756931 -0.671860664581 -0.798302789516 -0.760261527372 -0.512983534586 -0.483759436207 -0.440714469149 -0.0683491779776 0.339161944951 0.271303510638 0.717898422763 0.476955819641 0.246160451413 -0.451692238303 -0.273159778318 -0.247831550486 -0.124804895443 -0.330587875882 0.489325414777 0.581804292528 0.0532150885347 0.269057190771 0.979435301556 0.504043767609 0.933621967158 0.328362246223 0.710113002564 -0.184276888420 0.327656416535 0.0245821606651 0.876632875301 0.557453576327 1.02594650107 -0.0317442804433 0.762027831410 -0.310267911425 0.640124188323 0.169227784407 0.203811816742 -0.273052498454 0.823708867795 0.455483614433 0.00934930213127 -0.116519667655
# log_q_srv1:
0.618375989210
# log_q_srv2:
0.00000000000
# cv_cpue:
0.00000000000
# logm:
-2.57921593719
# mF50:
0.0711843152161
# mF40:
0.101492841991
# mF35:
0.122032981618
