#Species name here:
Model_1_goa_pop_2021.dat
#SSL Species?
0
#Constant buffer of Dorn?
0
#Number of fisheries?
1
#Number of sexes?
1
#5year_Average_F(endyr-4,endyr_as_estimated_by_ADmodel)
0.06196
#_Author_F_as_fraction_F_40%
1
#ABC SPR
0.4
#MSY SPR
0.35
#_Spawn_month
5
#_Number_of_ages
28
#_F_ratio(must_sum_to_one_only_one_fishery)
1
#_Natural_Mortality 2 3 4 5 6 7 8 9 10 11 12 13 14 15 16 17 18 19 20 21 22 23 24 25 26 27 28 29
 0.0758334 0.0758334 0.0758334 0.0758334 0.0758334 0.0758334 0.0758334 0.0758334 0.0758334 0.0758334 0.0758334 0.0758334 0.0758334 0.0758334 0.0758334 0.0758334 0.0758334 0.0758334 0.0758334 0.0758334 0.0758334 0.0758334 0.0758334 0.0758334 0.0758334 0.0758334 0.0758334 0.0758334
#_Maturity_divided_by_2(projection_program_uses_to_get_female_spawning_biomass_if_divide_by_2 2 3 4 5 6 7 8 9 10 11 12 13 14 15 16 17 18 19 20 21 22 23 24 25 26 27 28 29
 0.00657105 0.0127563 0.0246193 0.0469894 0.0878552 0.158356 0.268761 0.417919 0.583771 0.732603 0.842568 0.9127 0.953321 0.975547 0.987331 0.993474 0.996649 0.998282 0.99912 0.999549 0.999769 0.999882 0.999939 0.999969 0.999984 0.999992 0.999996 0.999998
#_Wt_at_age_spawners 2 3 4 5 6 7 8 9 10 11 12 13 14 15 16 17 18 19 20 21 22 23 24 25 26 27 28 29
 44.2 98.5 167.4 243.7 321.6 397 467.2 530.8 587.3 636.7 679.3 715.7 746.6 772.7 794.6 813 828.2 840.9 851.5 860.2 867.5 873.4 878.4 882.4 885.8 888.6 890.8 897.1
#_Wt_at_age_fishery 2 3 4 5 6 7 8 9 10 11 12 13 14 15 16 17 18 19 20 21 22 23 24 25 26 27 28 29
 44.2 98.5 167.4 243.7 321.6 397 467.2 530.8 587.3 636.7 679.3 715.7 746.6 772.7 794.6 813 828.2 840.9 851.5 860.2 867.5 873.4 878.4 882.4 885.8 888.6 890.8 897.1
#_Selectivity_fishery_scaled_to_max_at_one 2 3 4 5 6 7 8 9 10 11 12 13 14 15 16 17 18 19 20 21 22 23 24 25 26 27 28 29
 0.000831038 0.00950143 0.035752 0.0853499 0.158791 0.252325 0.35961 0.47327 0.586091 0.691797 0.785472 0.863693 0.924478 0.967112 0.991916 1 0.993021 0.972975 0.942017 0.902322 0.855983 0.804933 0.750904 0.6954 0.63969 0.584814 0.531597 0.480667
#_Numbers_at_age_end_year 2 3 4 5 6 7 8 9 10 11 12 13 14 15 16 17 18 19 20 21 22 23 24 25 26 27 28 29
 75.2412 79.0977 114.48 153.024 47.1234 69.6955 61.4669 89.3144 31.1341 81.5658 32.9063 84.2479 46.7717 57.0105 21.5376 25.8494 13.7569 29.956 18.2571 29.9175 17.4321 25.0981 11.029 7.94103 12.0402 9.82806 3.89022 48.2673
#_N_recruitment_years
41
#_Recruitment_start_at_1977_yearclass=1979_for_age_2_recruits 1979 1980 1981 1982 1983 1984 1985 1986 1987 1988 1989 1990 1991 1992 1993 1994 1995 1996 1997 1998 1999 2000 2001 2002 2003 2004 2005 2006 2007 2008 2009 2010 2011 2012 2013 2014 2015 2016 2017 2018 2019
 43.1792 38.0506 39.5259 50.6144 52.1153 54.4076 78.9543 118.674 110.888 173.316 136.207 108.135 53.8136 64.3321 65.9823 74.6204 60.7417 137.902 151.263 89.1601 110.639 225.125 139.947 215.044 117.399 171.972 70.312 117.316 86.6434 203.131 147.625 235.843 81.898 181.136 61.9886 160.347 100.128 103.651 64.339 192.66 133.313
#_Spawners per recruitment (starting at 1977)
 39.233 34.9385 35.6431 36.0213 35.1431 34.2348 35.5193 38.1891 41.3049 45.572 49.5471 52.781 54.6795 55.8912 57.7522 63.8257 71.9544 83.7228 97.0701 109.28 119.242 126.561 131.875 134.905 137.502 140.274 143.921 149.613 156.58 165.195 174.292 184.601 195.504 205.522 212.875 219.016 223.476 228.259 231.652 235.548 238.103 239.808 239.87
