#Species name here:
Model_1_goa_pop_2023.dat
#SSL Species?
0
#Constant buffer of Dorn?
0
#Number of fisheries?
1
#Number of sexes?
1
#5year_Average_F(endyr-4,endyr_as_estimated_by_ADmodel)
0.01145
#_Author_F_as_fraction_F_40%
1
#ABC SPR
0.4
#MSY SPR
0.35
#_Spawn_month
5
#_Number_of_ages
28
#_F_ratio(must_sum_to_one_only_one_fishery)
1
#_Natural_Mortality 2 3 4 5 6 7 8 9 10 11 12 13 14 15 16 17 18 19 20 21 22 23 24 25 26 27 28 29
 0.29 0.29 0.29 0.29 0.29 0.29 0.29 0.29 0.29 0.29 0.29 0.29 0.29 0.29 0.29 0.29 0.29 0.29 0.29 0.29 0.29 0.29 0.29 0.29 0.29 0.29 0.29 0.29
#_Maturity_divided_by_2(projection_program_uses_to_get_female_spawning_biomass_if_divide_by_2 2 3 4 5 6 7 8 9 10 11 12 13 14 15 16 17 18 19 20 21 22 23 24 25 26 27 28 29
 0.00549548 0.0108877 0.0214568 0.0418514 0.0800454 0.147722 0.256653 0.407505 0.578071 0.731845 0.844638 0.915468 0.955699 0.977259 0.988453 0.99417 0.997065 0.998524 0.999259 0.999628 0.999813 0.999906 0.999953 0.999976 0.999988 0.999994 0.999997 0.999998
#_Wt_at_age_spawners 2 3 4 5 6 7 8 9 10 11 12 13 14 15 16 17 18 19 20 21 22 23 24 25 26 27 28 29
 44.3 98.3 166.7 242.5 320 395 464.9 528.2 584.5 633.8 676.3 712.7 743.6 769.7 791.7 810 825.4 838.1 848.7 857.5 864.7 870.8 875.7 879.8 883.2 886 888.3 894.6
#_Wt_at_age_fishery 2 3 4 5 6 7 8 9 10 11 12 13 14 15 16 17 18 19 20 21 22 23 24 25 26 27 28 29
 44.3 98.3 166.7 242.5 320 395 464.9 528.2 584.5 633.8 676.3 712.7 743.6 769.7 791.7 810 825.4 838.1 848.7 857.5 864.7 870.8 875.7 879.8 883.2 886 888.3 894.6
#_Selectivity_fishery_scaled_to_max_at_one 2 3 4 5 6 7 8 9 10 11 12 13 14 15 16 17 18 19 20 21 22 23 24 25 26 27 28 29
 1.26866e-05 0.000315358 0.0019103 0.00649171 0.0160716 0.0325652 0.057465 0.0916445 0.135283 0.18789 0.248394 0.315277 0.386714 0.460721 0.535284 0.608467 0.678496 0.743823 0.803163 0.85551 0.900144 0.936612 0.964716 0.984479 0.996115 1 0.996633 0.986608
#_Numbers_at_age_end_year 2 3 4 5 6 7 8 9 10 11 12 13 14 15 16 17 18 19 20 21 22 23 24 25 26 27 28 29
 22285.4 16732.6 10793.6 8330.4 6693.9 5946.68 2999.76 2775.68 2161.39 1931.09 1016.11 1101.06 631.692 762.334 470.06 401.945 190.219 157.805 100.654 122.438 79.5395 88.7052 54.397 57.1458 23.7725 16.0765 17.3463 32.8007
#_N_recruitment_years
43
#_Recruitment_start_at_1977_yearclass=1979_for_age_2_recruits 1979 1980 1981 1982 1983 1984 1985 1986 1987 1988 1989 1990 1991 1992 1993 1994 1995 1996 1997 1998 1999 2000 2001 2002 2003 2004 2005 2006 2007 2008 2009 2010 2011 2012 2013 2014 2015 2016 2017 2018 2019 2020 2021
 16647.4 15504.2 15419.6 16497.2 16513.5 17231 21800.9 29339 30052.5 40711.5 32580 24348.8 17889.3 17355.3 17342.1 19820.8 19229.7 31097.3 35993.7 24803.6 27265.3 48714.9 34462 41760.8 27825.8 31830.9 19449.1 22669.1 20321.7 31949.2 27813.8 33598.4 20750 26973.9 18577 26363.3 22046 21162.6 17102.3 25358.9 21355.3 19884.5 19277.8
#_Spawners per recruitment (starting at 1977)
 3049.89 2916.99 2800.51 2698.35 2611.52 2542.83 2495.31 2467.25 2454.15 2451.69 2456.18 2472.8 2511.7 2586.69 2710.22 2889.72 3112.73 3351.85 3561.66 3697.42 3736.05 3689.07 3597.66 3512.16 3473.58 3505.89 3611.09 3774.67 3971.02 4181.27 4385.29 4555.66 4657.83 4673.06 4605.75 4485.87 4350.57 4236.57 4157.66 4107.86 4062.49 4002.86 3921.96 3826.2 3725.83
