# Number of parameters = 166 Objective function value = 260.057311858962  Maximum gradient component = 7.58205279605072e-05
# log_mean_rec:
4.43887803481
# sigr:
0.771624446480
# a50:
2.52534732789
# delta:
5.09906447357
# a502:
6.29006201303
# delta2:
1.94077410062
# a503:
2.75809005858
# delta3:
8.95854657837
# a50_srv1:
5.40071463522
# delta_srv1:
5.72627052246
# a50_srv2:
7.30000000000
# delta_srv2:
3.80000000000
# log_avg_F:
-2.58083912150
# log_F_devs:
 -0.819374022901 0.425966736343 1.02372616118 1.67471008424 2.22576216309 1.80472391301 1.44315216675 1.42885377626 1.24196567176 0.820721252358 1.40706473858 1.50226495989 1.30460660244 1.35394164534 1.54711495786 1.69581634404 1.27630217821 0.340675031561 0.374053445814 0.659182972629 0.669891106673 0.00399214874222 -0.704654991318 -0.812058055531 -2.13401226090 -1.20470960281 -0.552333418435 0.0477789841774 0.346956687813 0.414532682495 -0.361242648733 -0.497839882036 -1.81080926345 -2.09021051558 -1.08732484063 -0.620761653184 -0.564169092192 -0.672198042114 -0.525433641235 -0.555675387109 -0.483767350359 -0.397776166715 -0.488519230596 -0.442197128269 -0.517091440110 -0.381899706061 -0.637261263092 -0.725538016075 -0.733896735123 -0.589113147908 -0.713882085380 -0.693282200224 -0.837354774387 -0.564672315718 -0.521001722065 -0.322827499095 -0.282384630584 -0.240668253037 -0.197620236716 -0.193174011666 -0.0570235860639
# mat_a50:
9.49480975392
# mat_delta:
0.669595252385
# log_rec_dev:
 -0.290878067319 -0.308163640334 -0.323036281046 -0.336862794143 -0.350661994563 -0.364741071367 -0.377085965765 -0.387867444201 -0.397563231180 -0.405063447881 -0.408655568799 -0.407742837017 -0.400789101550 -0.385375203546 -0.359171925366 -0.319212409623 -0.262639020684 -0.188383910525 -0.100346961577 -0.0124250469453 0.0559238076086 0.108346736615 2.93917966400 0.324398650923 0.334797166385 2.95857297032 0.230652529624 0.428594384883 0.865803031884 0.452942187763 0.495962801973 1.19307342918 0.611830987019 0.0430157308633 -0.281950712484 -0.243446088214 -0.409666486513 -0.706617413028 -0.849378211256 -0.939674496613 -1.00442960033 -1.01919338415 -0.843309336569 -0.397024762093 -0.665453854962 -0.792124168169 -0.754456987287 -0.507317839961 -0.478862053986 -0.436758789279 -0.0654167028563 0.342275452652 0.274555861047 0.721305288697 0.480903979031 0.251446167154 -0.448846138059 -0.269582628138 -0.243661416224 -0.121591609838 -0.328096829789 0.492051604186 0.583982633241 0.0545058407856 0.269269664758 0.978297821668 0.502338266518 0.929768343589 0.324969393605 0.703018577989 -0.189618519386 0.315427049763 0.0136521383526 0.852934457444 0.532841934636 0.972745782765 -0.0735205490058 0.660785821647 -0.376520528953 0.558956435370 0.210376967412 0.382006093939 -0.117118291709 1.06420687322 0.394287383139 0.00914751666317 0.00345784725477
# log_q_srv1:
0.600632635900
# log_q_srv2:
0.00000000000
# cv_cpue:
0.00000000000
# logm:
-2.58559557809
# mF50:
0.0706107432026
# mF40:
0.100376750755
# mF35:
0.120473264875
