#Species name here:
Model_1_goa_pop_2021.dat
#SSL Species?
0
#Constant buffer of Dorn?
0
#Number of fisheries?
1
#Number of sexes?
1
#5year_Average_F(endyr-4,endyr_as_estimated_by_ADmodel)
0.0625319
#_Author_F_as_fraction_F_40%
1
#ABC SPR
0.4
#MSY SPR
0.35
#_Spawn_month
5
#_Number_of_ages
28
#_F_ratio(must_sum_to_one_only_one_fishery)
1
#_Natural_Mortality 2 3 4 5 6 7 8 9 10 11 12 13 14 15 16 17 18 19 20 21 22 23 24 25 26 27 28 29
 0.0753512 0.0753512 0.0753512 0.0753512 0.0753512 0.0753512 0.0753512 0.0753512 0.0753512 0.0753512 0.0753512 0.0753512 0.0753512 0.0753512 0.0753512 0.0753512 0.0753512 0.0753512 0.0753512 0.0753512 0.0753512 0.0753512 0.0753512 0.0753512 0.0753512 0.0753512 0.0753512 0.0753512
#_Maturity_divided_by_2(projection_program_uses_to_get_female_spawning_biomass_if_divide_by_2 2 3 4 5 6 7 8 9 10 11 12 13 14 15 16 17 18 19 20 21 22 23 24 25 26 27 28 29
 0.00657105 0.0127563 0.0246193 0.0469894 0.0878553 0.158356 0.268761 0.417919 0.583771 0.732603 0.842568 0.9127 0.953321 0.975547 0.987331 0.993474 0.996649 0.998282 0.99912 0.999549 0.999769 0.999882 0.999939 0.999969 0.999984 0.999992 0.999996 0.999998
#_Wt_at_age_spawners 2 3 4 5 6 7 8 9 10 11 12 13 14 15 16 17 18 19 20 21 22 23 24 25 26 27 28 29
 44.2 98.5 167.4 243.7 321.6 397 467.2 530.8 587.3 636.7 679.3 715.7 746.6 772.7 794.6 813 828.2 840.9 851.5 860.2 867.5 873.4 878.4 882.4 885.8 888.6 890.8 897.1
#_Wt_at_age_fishery 2 3 4 5 6 7 8 9 10 11 12 13 14 15 16 17 18 19 20 21 22 23 24 25 26 27 28 29
 44.2 98.5 167.4 243.7 321.6 397 467.2 530.8 587.3 636.7 679.3 715.7 746.6 772.7 794.6 813 828.2 840.9 851.5 860.2 867.5 873.4 878.4 882.4 885.8 888.6 890.8 897.1
#_Selectivity_fishery_scaled_to_max_at_one 2 3 4 5 6 7 8 9 10 11 12 13 14 15 16 17 18 19 20 21 22 23 24 25 26 27 28 29
 0.000830808 0.00965073 0.0365652 0.0875731 0.163125 0.259197 0.369057 0.484935 0.599293 0.705642 0.798973 0.875879 0.93448 0.974223 0.995626 1 0.989201 0.965398 0.930895 0.88798 0.838827 0.78542 0.729513 0.672612 0.615967 0.560585 0.50725 0.456543
#_Numbers_at_age_end_year 2 3 4 5 6 7 8 9 10 11 12 13 14 15 16 17 18 19 20 21 22 23 24 25 26 27 28 29
 84.9732 79.2512 107.965 195.215 55.257 83.5741 64.2621 82.6038 29.2163 73.8774 31.6182 80.0095 45.7047 55.7731 21.3522 25.6153 13.7426 29.9163 18.3326 30.0879 17.6087 25.4296 11.2195 8.1095 12.3419 10.109 4.01177 50.5103
#_N_recruitment_years
41
#_Recruitment_start_at_1977_yearclass=1979_for_age_2_recruits 1979 1980 1981 1982 1983 1984 1985 1986 1987 1988 1989 1990 1991 1992 1993 1994 1995 1996 1997 1998 1999 2000 2001 2002 2003 2004 2005 2006 2007 2008 2009 2010 2011 2012 2013 2014 2015 2016 2017 2018 2019
 43.5289 38.35 39.8221 50.9865 52.4582 54.714 79.3177 119.242 111.434 174.196 136.973 108.888 54.0566 64.6699 66.3681 74.9849 60.9943 138.508 151.845 89.4235 110.847 225.242 139.94 214.572 117.196 171.04 70.0535 116.083 85.8439 198.703 144.275 223.995 78.6775 163.967 58.1111 148.092 104.507 124.075 75.3211 245.448 125.608
#_Spawners per recruitment (starting at 1977)
 39.5089 35.2585 36.0057 36.4272 35.5927 34.7291 36.0609 38.7833 41.9577 46.2889 50.3317 53.6342 55.6016 56.8831 58.8161 64.974 73.2026 85.0926 98.5795 110.939 121.051 128.506 133.934 137.057 139.733 142.574 146.289 152.049 159.081 167.754 176.899 187.251 198.171 208.176 215.477 221.51 225.789 230.282 233.239 236.52 238.274 239.043 238.148
