# Number of parameters = 169 Objective function value = 264.380455641874  Maximum gradient component = 1.93403434559311e-05
# log_mean_rec:
4.37799455281
# sigr:
0.775267674697
# a50:
2.52534930012
# delta:
5.01725311861
# a502:
6.37710373071
# delta2:
2.11045750180
# a503:
2.79392367895
# delta3:
9.63364660564
# a50_srv1:
5.58749584853
# delta_srv1:
5.92583533638
# a50_srv2:
7.30000000000
# delta_srv2:
3.80000000000
# log_avg_F:
-2.54259178297
# log_F_devs:
 -0.883345242223 0.436884574794 1.09224660266 1.67558199269 2.17631325952 1.83664210206 1.46669114482 1.43246289017 1.25341831844 0.834623975250 1.42638420150 1.53467204402 1.34592838009 1.40207406891 1.60809800211 1.77945301925 1.38095026700 0.443977117610 0.463636563562 0.734775335751 0.732582142427 0.0542637464781 -0.663524754232 -0.776571489779 -2.10659571810 -1.18679428229 -0.540841533743 0.0564867352536 0.355024659255 0.427392365761 -0.345688685616 -0.476054603387 -1.77993969451 -2.05239516928 -1.05050669501 -0.587336688642 -0.531957579634 -0.642655051041 -0.498954040273 -0.532881229437 -0.465769032554 -0.384903481858 -0.481545450602 -0.442316582815 -0.524915521812 -0.397760282280 -0.676279378385 -0.770833464812 -0.785502902588 -0.647024204807 -0.778209363850 -0.763090345570 -0.911953643242 -0.642859753369 -0.602441822066 -0.407039666215 -0.370541207536 -0.333589489766 -0.297850048074 -0.299857613260 -0.144875601183 -0.103858526759 -0.0615030085422
# mat_a50:
9.49480977169
# mat_delta:
0.669595256443
# log_rec_dev:
 -0.326296427231 -0.343761289500 -0.358601753378 -0.372121860890 -0.385520210588 -0.399225704868 -0.411010853872 -0.421117173284 -0.430006953100 -0.436513945930 -0.438897195492 -0.436477966598 -0.427527637030 -0.409387520084 -0.379231147520 -0.333091451850 -0.266243038537 -0.174050855701 -0.0542080936854 0.0864063057219 0.221766417996 0.300772086671 2.56310431495 0.142164924590 2.88986190160 0.564578069161 2.13558099678 0.130571044689 0.489963114534 0.616702333473 0.539102138966 1.16772276137 0.572239647382 0.0575718374390 -0.244442212659 -0.239001023025 -0.411709161372 -0.670176123402 -0.785340920924 -0.863350789712 -0.916799171459 -0.935377471541 -0.814254195119 -0.567141636663 -0.668016405536 -0.713727059561 -0.735892641576 -0.549272620434 -0.493595939552 -0.437681107598 -0.0866602912286 0.333423796345 0.193586556204 0.510602519042 0.534960264021 0.258535606272 -0.503237026580 -0.275810830778 -0.282210831832 -0.117823451089 -0.342431000121 0.525353394761 0.585073007712 0.0737478585825 0.310868279942 1.01187793284 0.526942197607 0.981998873546 0.363691069923 0.763591720170 -0.158168789667 0.363085730750 0.0288445935439 0.816188142063 0.500675030193 0.959216013716 -0.0417830533562 0.766523912479 -0.226421070359 0.749711637885 0.374110537175 0.325030753528 -0.271689738011 0.846792030946 0.431426083914 -0.0832107534548 -0.142883798023 0.00305301140714 0.00185793424698
# log_q_srv1:
0.616214399445
# log_q_srv2:
0.00000000000
# cv_cpue:
0.00000000000
# logm:
-2.65926003693
# mF50:
0.0659159608246
# mF40:
0.0940759418819
# mF35:
0.113151806648
