#Species name here:
Model_1_goa_pop_2023.dat
#SSL Species?
0
#Constant buffer of Dorn?
0
#Number of fisheries?
1
#Number of sexes?
1
#5year_Average_F(endyr-4,endyr_as_estimated_by_ADmodel)
0.0659216
#_Author_F_as_fraction_F_40%
1
#ABC SPR
0.4
#MSY SPR
0.35
#_Spawn_month
5
#_Number_of_ages
28
#_F_ratio(must_sum_to_one_only_one_fishery)
1
#_Natural_Mortality 2 3 4 5 6 7 8 9 10 11 12 13 14 15 16 17 18 19 20 21 22 23 24 25 26 27 28 29
 0.07 0.07 0.07 0.07 0.07 0.07 0.07 0.07 0.07 0.07 0.07 0.07 0.07 0.07 0.07 0.07 0.07 0.07 0.07 0.07 0.07 0.07 0.07 0.07 0.07 0.07 0.07 0.07
#_Maturity_divided_by_2(projection_program_uses_to_get_female_spawning_biomass_if_divide_by_2 2 3 4 5 6 7 8 9 10 11 12 13 14 15 16 17 18 19 20 21 22 23 24 25 26 27 28 29
 0.00657105 0.0127563 0.0246193 0.0469894 0.0878553 0.158356 0.268761 0.417919 0.583771 0.732603 0.842568 0.9127 0.953321 0.975547 0.987331 0.993474 0.996649 0.998282 0.99912 0.999549 0.999769 0.999882 0.999939 0.999969 0.999984 0.999992 0.999996 0.999998
#_Wt_at_age_spawners 2 3 4 5 6 7 8 9 10 11 12 13 14 15 16 17 18 19 20 21 22 23 24 25 26 27 28 29
 44.3 98.3 166.7 242.5 320 395 464.9 528.2 584.5 633.8 676.3 712.7 743.6 769.7 791.7 810 825.4 838.1 848.7 857.5 864.7 870.8 875.7 879.8 883.2 886 888.3 894.6
#_Wt_at_age_fishery 2 3 4 5 6 7 8 9 10 11 12 13 14 15 16 17 18 19 20 21 22 23 24 25 26 27 28 29
 44.3 98.3 166.7 242.5 320 395 464.9 528.2 584.5 633.8 676.3 712.7 743.6 769.7 791.7 810 825.4 838.1 848.7 857.5 864.7 870.8 875.7 879.8 883.2 886 888.3 894.6
#_Selectivity_fishery_scaled_to_max_at_one 2 3 4 5 6 7 8 9 10 11 12 13 14 15 16 17 18 19 20 21 22 23 24 25 26 27 28 29
 0.00111739 0.0113213 0.0399743 0.09167 0.165947 0.258672 0.363663 0.474063 0.583325 0.685831 0.777195 0.85435 0.915487 0.959896 0.987771 1 0.997964 0.983364 0.958063 0.923974 0.882961 0.83678 0.787026 0.735117 0.682273 0.629523 0.577709 0.5275
#_Numbers_at_age_end_year 2 3 4 5 6 7 8 9 10 11 12 13 14 15 16 17 18 19 20 21 22 23 24 25 26 27 28 29
 79.8263 74.5126 59.9932 59.2114 91.7874 128.218 38.4091 63.541 60.4006 79.1091 26.6761 64.1888 25.4329 61.4567 34.5037 42.0504 17.042 21.2554 11.3056 25.5553 15.4629 25.9693 14.9252 21.9474 9.84348 7.01011 10.5461 54.7956
#_N_recruitment_years
43
#_Recruitment_start_at_1977_yearclass=1979_for_age_2_recruits 1979 1980 1981 1982 1983 1984 1985 1986 1987 1988 1989 1990 1991 1992 1993 1994 1995 1996 1997 1998 1999 2000 2001 2002 2003 2004 2005 2006 2007 2008 2009 2010 2011 2012 2013 2014 2015 2016 2017 2018 2019 2020 2021
 40.8529 39.0275 38.172 46.0037 48.6377 51.4347 73.0639 111.21 96.6969 132.767 136.041 103.186 48.171 60.4722 60.0864 70.8221 56.5748 134.74 143.032 85.7763 108.729 219.175 134.954 212.724 114.627 170.987 68.0216 114.558 82.0098 180.221 131.456 207.932 76.4175 171.489 63.5339 168.63 115.828 110.28 60.7219 185.822 122.661 73.3164 69.0693
#_Spawners per recruitment (starting at 1977)
 34.5548 30.4512 31.379 32.0988 31.6602 31.2014 32.85 35.7941 39.1017 43.5227 47.6537 51.0743 53.1318 54.4158 56.1954 62.0393 69.7123 80.8289 93.3994 104.905 114.476 121.775 127.353 130.815 133.947 137.338 141.681 148.155 155.996 165.597 175.803 187.361 199.631 211.085 219.845 227.237 232.648 237.967 241.416 245.013 247.121 248.576 248.848 247.827 246.128
