#Species name here:
Model_1_goa_pop_2023.dat
#SSL Species?
0
#Constant buffer of Dorn?
0
#Number of fisheries?
1
#Number of sexes?
1
#5year_Average_F(endyr-4,endyr_as_estimated_by_ADmodel)
0.0212749
#_Author_F_as_fraction_F_40%
1
#ABC SPR
0.4
#MSY SPR
0.35
#_Spawn_month
5
#_Number_of_ages
28
#_F_ratio(must_sum_to_one_only_one_fishery)
1
#_Natural_Mortality 2 3 4 5 6 7 8 9 10 11 12 13 14 15 16 17 18 19 20 21 22 23 24 25 26 27 28 29
 0.25 0.25 0.25 0.25 0.25 0.25 0.25 0.25 0.25 0.25 0.25 0.25 0.25 0.25 0.25 0.25 0.25 0.25 0.25 0.25 0.25 0.25 0.25 0.25 0.25 0.25 0.25 0.25
#_Maturity_divided_by_2(projection_program_uses_to_get_female_spawning_biomass_if_divide_by_2 2 3 4 5 6 7 8 9 10 11 12 13 14 15 16 17 18 19 20 21 22 23 24 25 26 27 28 29
 0.00607378 0.011895 0.0231652 0.0446316 0.0842738 0.15347 0.263156 0.41299 0.58088 0.731922 0.843223 0.913759 0.95428 0.976257 0.987805 0.993772 0.996829 0.998388 0.999181 0.999584 0.999789 0.999893 0.999946 0.999972 0.999986 0.999993 0.999996 0.999998
#_Wt_at_age_spawners 2 3 4 5 6 7 8 9 10 11 12 13 14 15 16 17 18 19 20 21 22 23 24 25 26 27 28 29
 44.3 98.3 166.7 242.5 320 395 464.9 528.2 584.5 633.8 676.3 712.7 743.6 769.7 791.7 810 825.4 838.1 848.7 857.5 864.7 870.8 875.7 879.8 883.2 886 888.3 894.6
#_Wt_at_age_fishery 2 3 4 5 6 7 8 9 10 11 12 13 14 15 16 17 18 19 20 21 22 23 24 25 26 27 28 29
 44.3 98.3 166.7 242.5 320 395 464.9 528.2 584.5 633.8 676.3 712.7 743.6 769.7 791.7 810 825.4 838.1 848.7 857.5 864.7 870.8 875.7 879.8 883.2 886 888.3 894.6
#_Selectivity_fishery_scaled_to_max_at_one 2 3 4 5 6 7 8 9 10 11 12 13 14 15 16 17 18 19 20 21 22 23 24 25 26 27 28 29
 3.78458e-05 0.00065385 0.00324179 0.009641 0.0216687 0.0407956 0.0679677 0.103546 0.147329 0.198623 0.256349 0.319149 0.385499 0.453803 0.522484 0.590043 0.655116 0.716507 0.77321 0.824417 0.869518 0.908098 0.939915 0.964892 0.983092 0.9947 1 0.999358
#_Numbers_at_age_end_year 2 3 4 5 6 7 8 9 10 11 12 13 14 15 16 17 18 19 20 21 22 23 24 25 26 27 28 29
 6642.71 5189.14 3505.98 2811.46 2415.54 2273.62 1154.21 1139.23 933.951 886.286 464.001 547.26 312.046 409.579 253.478 227.46 107.496 93.1244 60.1126 77.851 51.2257 60.0674 36.9175 40.1533 17.0936 11.7314 13.1072 28.6475
#_N_recruitment_years
43
#_Recruitment_start_at_1977_yearclass=1979_for_age_2_recruits 1979 1980 1981 1982 1983 1984 1985 1986 1987 1988 1989 1990 1991 1992 1993 1994 1995 1996 1997 1998 1999 2000 2001 2002 2003 2004 2005 2006 2007 2008 2009 2010 2011 2012 2013 2014 2015 2016 2017 2018 2019 2020 2021
 4728.03 4400.61 4414.65 4808.7 4865.74 5096.18 6505.35 8861.14 8940.98 12257.6 9714.79 7214.33 5139.68 5018.74 5028.87 5691.34 5493.74 9162.68 10466.3 7202.62 8068.29 14570.5 10299.4 12885 8450.07 9877.83 5868.63 6998.75 6223.16 10151.3 8728.53 10893.2 6416.67 8710.39 5722.58 8478.85 6937.46 6576.21 5181.41 7941.92 6568.11 5952.39 5780.47
#_Spawners per recruitment (starting at 1977)
 1389.63 1336.54 1289.03 1243.51 1200.72 1163.51 1135.28 1115.68 1103.15 1096.92 1094.82 1098.47 1111.38 1139.3 1188 1262.76 1357.95 1464.21 1562.32 1632.01 1661.33 1652.38 1620.12 1583.92 1562.33 1567.11 1601.87 1663.7 1743.53 1834.74 1928.79 2015.12 2078.46 2107.99 2101.62 2070.06 2027.21 1989.67 1963.56 1949.15 1936.01 1916.47 1886.25 1847.02 1803.05
