# Number of parameters = 169 Objective function value = 261.357544391433  Maximum gradient component = 0.000145486455963692
# log_mean_rec:
8.84508503153
# sigr:
0.353049657548
# a50:
2.77484670243
# delta:
6.28775150129
# a502:
6.34593151133
# delta2:
1.74677627420
# a503:
3.30768209492
# delta3:
14.4970977091
# a50_srv1:
16.7579596562
# delta_srv1:
9.77036034204
# a50_srv2:
7.30000000000
# delta_srv2:
3.80000000000
# log_avg_F:
-4.92061910916
# log_F_devs:
 -0.455232463204 0.916476489532 1.61116555788 2.13214717514 2.42320488855 1.81318293095 1.28822268948 1.13482752935 0.848381356433 0.389985399478 0.938374476868 0.938763186555 0.631894362149 0.562206433697 0.592017964055 0.530498245222 0.0718725613235 -0.891032033427 -0.826346506167 -0.534196199631 -0.532914148139 -1.17086024244 -1.79922332102 -1.80841386790 -3.02674074519 -2.00198823468 -1.27376565728 -0.623962974753 -0.299873139598 -0.208980788664 -0.942998858879 -1.01256783917 -2.24731528424 -2.44164758279 -1.36552735054 -0.558532988722 -0.468833268823 -0.553963916229 -0.394428640654 -0.417276315756 -0.341746927729 -0.253900275495 -0.337599940015 -0.285767814044 -0.353469347051 -0.209440912853 0.313875394310 0.240530210269 0.251469296274 0.412659373261 0.304660326268 0.343490295965 0.217195255012 0.510941804567 0.570112934026 0.781131466749 0.825628884542 0.871674182708 0.914451323068 0.918252065778 1.07385952629 1.11393098632 1.15146993753
# mat_a50:
9.51892289223
# mat_delta:
0.678098404789
# log_rec_dev:
 -0.00926294435948 -0.0118625463591 -0.0150864297561 -0.0190396750265 -0.0239512590253 -0.0300822326295 -0.0376102873141 -0.0466199540988 -0.0575495997824 -0.0705551450618 -0.0855094931713 -0.102510819065 -0.121293765652 -0.141031555043 -0.160716980317 -0.178660642796 -0.192560923219 -0.199396190172 -0.194879680163 -0.172354496378 -0.118672599807 -0.00617470273373 0.186205193727 0.349199781041 0.517201008157 0.836330818774 0.299506627630 -0.0297434778092 -0.0896465526466 -0.0718469910156 0.0785326079340 0.247470470319 0.135834291148 -0.0967336366190 -0.234365329140 -0.214249820035 -0.200857269013 -0.241324840207 -0.269687138684 -0.305621546744 -0.339573852723 -0.360581206157 -0.333304441670 -0.278017649069 -0.324519585180 -0.365286730606 -0.393403486062 -0.353190442862 -0.340699308257 -0.301236796982 -0.0903306540491 0.186090242138 0.228027580390 0.425804138325 0.430123791370 0.132473182586 -0.296758656432 -0.292515445883 -0.284092006824 -0.174443745909 -0.190701831653 0.292114479769 0.414542805877 0.0726061951818 0.186169810814 0.736336568589 0.425698840541 0.621307121771 0.235169810103 0.358025967586 -0.113795878612 0.0345265822954 -0.0592544983641 0.389073825312 0.264589063585 0.458712411928 -0.0200685769167 0.246083134293 -0.126385497822 0.225420092390 0.0493820580609 -0.00313562537169 -0.214283879930 0.170575949369 0.00205889095515 -0.0895969266946 -0.114380167339 0.00457786822227 0.00216098432614
# log_q_srv1:
-0.250108450644
# log_q_srv2:
0.00000000000
# cv_cpue:
0.00000000000
# logm:
-1.38629436112
# mF50:
0.861720339792
# mF40:
0.999999653091
# mF35:
0.999999800249
