#Species name here:
Model_1_goa_pop_2023.dat
#SSL Species?
0
#Constant buffer of Dorn?
0
#Number of fisheries?
1
#Number of sexes?
1
#5year_Average_F(endyr-4,endyr_as_estimated_by_ADmodel)
0.0206235
#_Author_F_as_fraction_F_40%
1
#ABC SPR
0.4
#MSY SPR
0.35
#_Spawn_month
5
#_Number_of_ages
28
#_F_ratio(must_sum_to_one_only_one_fishery)
1
#_Natural_Mortality 2 3 4 5 6 7 8 9 10 11 12 13 14 15 16 17 18 19 20 21 22 23 24 25 26 27 28 29
 0.25 0.25 0.25 0.25 0.25 0.25 0.25 0.25 0.25 0.25 0.25 0.25 0.25 0.25 0.25 0.25 0.25 0.25 0.25 0.25 0.25 0.25 0.25 0.25 0.25 0.25 0.25 0.25
#_Maturity_divided_by_2(projection_program_uses_to_get_female_spawning_biomass_if_divide_by_2 2 3 4 5 6 7 8 9 10 11 12 13 14 15 16 17 18 19 20 21 22 23 24 25 26 27 28 29
 0.00606842 0.0118856 0.0231492 0.0446052 0.0842329 0.153413 0.263088 0.412926 0.580839 0.731906 0.843224 0.913766 0.954288 0.976263 0.987809 0.993775 0.99683 0.998389 0.999181 0.999584 0.999789 0.999893 0.999946 0.999972 0.999986 0.999993 0.999996 0.999998
#_Wt_at_age_spawners 2 3 4 5 6 7 8 9 10 11 12 13 14 15 16 17 18 19 20 21 22 23 24 25 26 27 28 29
 44.3 98.3 166.7 242.5 320 395 464.9 528.2 584.5 633.8 676.3 712.7 743.6 769.7 791.7 810 825.4 838.1 848.7 857.5 864.7 870.8 875.7 879.8 883.2 886 888.3 894.6
#_Wt_at_age_fishery 2 3 4 5 6 7 8 9 10 11 12 13 14 15 16 17 18 19 20 21 22 23 24 25 26 27 28 29
 44.3 98.3 166.7 242.5 320 395 464.9 528.2 584.5 633.8 676.3 712.7 743.6 769.7 791.7 810 825.4 838.1 848.7 857.5 864.7 870.8 875.7 879.8 883.2 886 888.3 894.6
#_Selectivity_fishery_scaled_to_max_at_one 2 3 4 5 6 7 8 9 10 11 12 13 14 15 16 17 18 19 20 21 22 23 24 25 26 27 28 29
 3.59426e-05 0.000631473 0.00315998 0.00945601 0.0213488 0.0403316 0.0673765 0.102868 0.146619 0.197949 0.255776 0.318737 0.385296 0.453841 0.522776 0.590585 0.655887 0.71747 0.774316 0.825607 0.870729 0.909261 0.940964 0.965762 0.983723 0.995038 1 0.998982
#_Numbers_at_age_end_year 2 3 4 5 6 7 8 9 10 11 12 13 14 15 16 17 18 19 20 21 22 23 24 25 26 27 28 29
 6955.21 5429.82 3754.42 2997.11 2557.68 2356.46 1247.89 1198.66 981.802 909.138 496.114 557.997 331.028 413.189 262.87 229.764 113.154 95.7548 63.5674 78.4194 53.358 60.3854 38.1903 40.0678 17.7735 12.2002 13.2077 29.3827
#_N_recruitment_years
43
#_Recruitment_start_at_1977_yearclass=1979_for_age_2_recruits 1979 1980 1981 1982 1983 1984 1985 1986 1987 1988 1989 1990 1991 1992 1993 1994 1995 1996 1997 1998 1999 2000 2001 2002 2003 2004 2005 2006 2007 2008 2009 2010 2011 2012 2013 2014 2015 2016 2017 2018 2019 2020 2021
 5016.89 4816.48 4682.94 4875.09 4936.37 5135.07 6340.76 8359.68 8717.72 10624.2 10670.2 7923.26 5158.11 5180.05 5223.87 5829.24 5735.23 9294.7 10505.2 7462.84 8360.34 14493 10623.1 12918.2 8780.2 9927.97 6193.71 7184 6540.9 10241 9042.35 10979.6 6802.3 8876.55 6116.22 8695.01 7291.52 6918.47 5601.56 8230.99 6954.5 6345.42 6190.09
#_Spawners per recruitment (starting at 1977)
 1482.36 1437.22 1397.89 1359.99 1323.29 1289.56 1261.39 1238.23 1219.06 1204.26 1192.6 1185.71 1186.83 1201.38 1235.12 1293.88 1373.18 1465.82 1555.35 1623.42 1657.37 1656.13 1631.5 1601.5 1584.63 1592.93 1630.28 1694.03 1775.42 1867.92 1963.04 2050.3 2114.71 2145.55 2140.74 2110.91 2069.85 2033.97 2009.31 1996.26 1984.63 1966.94 1938.97 1902.37 1861.31
