# Number of parameters = 169 Objective function value = 272.207613768429  Maximum gradient component = 8.65586762208973e-05
# log_mean_rec:
8.79853898762
# sigr:
0.378686320838
# a50:
2.77415058107
# delta:
6.30057711863
# a502:
6.35558193503
# delta2:
1.75215534727
# a503:
3.31001377629
# delta3:
14.5827669012
# a50_srv1:
16.8202531919
# delta_srv1:
10.0121487225
# a50_srv2:
7.30000000000
# delta_srv2:
3.80000000000
# log_avg_F:
-4.88235001197
# log_F_devs:
 -0.436257874852 0.932314169640 1.62314539777 2.14106443061 2.42906723803 1.81563631832 1.29053070514 1.13892115701 0.854347863419 0.397006731927 0.945225037251 0.945059475675 0.639629853654 0.574335678091 0.610808059190 0.557430905752 0.101007930467 -0.853089344011 -0.778827201788 -0.477029273721 -0.467454489732 -1.10089470966 -1.73060790628 -1.74510027494 -2.96827506595 -1.94804555878 -1.22657300495 -0.586111462453 -0.273051361328 -0.196091078747 -0.947113150524 -1.03501406732 -2.28675364283 -2.49046799072 -1.41100570823 -0.607099788855 -0.517711695772 -0.600608037143 -0.437331942026 -0.455806634822 -0.375945344448 -0.284298231106 -0.365044880391 -0.311266955832 -0.377972673884 -0.233719462440 0.289513567534 0.216645955222 0.228109171036 0.389907387009 0.282651325930 0.322244559919 0.196763194198 0.491262174117 0.551275952697 0.763154481879 0.808708918089 0.855889673424 0.900082516669 0.905431878655 1.06290417872 1.10500423521 1.15948887651
# mat_a50:
9.51860742817
# mat_delta:
0.678008850402
# log_rec_dev:
 -0.0103566742208 -0.0132594619365 -0.0168523264396 -0.0212489231282 -0.0267022246776 -0.0334990860619 -0.0418303201967 -0.0517716403437 -0.0637961815449 -0.0780547741320 -0.0943673028671 -0.112814394128 -0.133062030784 -0.154166204615 -0.174991318867 -0.193676561737 -0.207731103721 -0.213938653431 -0.207801786301 -0.182385420463 -0.123790275420 -0.00194327698387 0.206370800433 0.369519410752 0.523328799762 0.881553596377 0.297314327812 -0.0383738087224 -0.0933724818319 -0.0767290167374 0.0824511367335 0.270984240158 0.142168666253 -0.123709626395 -0.280861604582 -0.268300151804 -0.266446084707 -0.325724469633 -0.370678353087 -0.414998366764 -0.451258840805 -0.460084740270 -0.381764344474 -0.238178006364 -0.337274992236 -0.409041620112 -0.405855705857 -0.320357839575 -0.308565717657 -0.262292026850 -0.0181582279824 0.290891509689 0.299861995761 0.615359610903 0.382865631185 0.0852850830329 -0.253793228960 -0.277604248126 -0.275587638680 -0.151837982439 -0.187174902151 0.324354540677 0.457380489549 0.0836616670130 0.197157842532 0.788215108717 0.441301783081 0.665278323052 0.243390886278 0.399509506810 -0.121161895259 0.0549478810602 -0.0625054884514 0.426816771606 0.275813183498 0.497351781291 -0.0318839992072 0.273732834353 -0.146363148074 0.246790686300 0.0461523730364 -0.00732476868551 -0.245706557611 0.181370907964 -0.00855707051625 -0.106991414511 -0.136298333356 0.00578478718360 0.00273578745216
# log_q_srv1:
-0.241882351819
# log_q_srv2:
0.00000000000
# cv_cpue:
0.00000000000
# logm:
-1.38629436112
# mF50:
0.857269629533
# mF40:
0.999999648358
# mF35:
0.999999798354
