# Number of parameters = 168 Objective function value = 243.514348214451  Maximum gradient component = 5.26713931203503e-05
# log_mean_rec1:
4.25634694214
# log_mean_rec2:
5.01568807937
# sigr1:
0.778667436449
# sigr2:
1.23864002841
# a50:
2.51698793461
# delta:
5.06445535246
# a502:
6.24436317274
# delta2:
1.91150105856
# a503:
2.73992060540
# delta3:
8.52639582010
# a50_srv1:
5.16774846564
# delta_srv1:
5.29018038511
# a50_srv2:
7.30000000000
# delta_srv2:
3.80000000000
# log_avg_F:
-2.52441224600
# log_F_devs:
 -0.725085389770 0.492209086916 1.06432498919 1.64885002857 2.17359094511 1.75960718257 1.40676618424 1.39573025066 1.20814688901 0.787156109559 1.37371423809 1.47082572042 1.27960656330 1.33688860739 1.54115152821 1.70800993648 1.30970280334 0.385377629784 0.423098113018 0.714250529788 0.732500843813 0.0691769653752 -0.644246028073 -0.758809765557 -2.08857285720 -1.16703737467 -0.520771945725 0.0758324971502 0.374472834333 0.442771600243 -0.333619403984 -0.473212170711 -1.79005176359 -2.07436378448 -1.07532944174 -0.610558189676 -0.556227871771 -0.666422182876 -0.521509762393 -0.553640756610 -0.483443105396 -0.399250319191 -0.491720385552 -0.447115583920 -0.523453389584 -0.389625666598 -0.645257317601 -0.736175998097 -0.747761643679 -0.606261545639 -0.734378216273 -0.716940592574 -0.864140222594 -0.594556885815 -0.554650841958 -0.361058356819 -0.326824007297 -0.293429608960 -0.262155675843 -0.273601144782 -0.162501760397
# mat_a50:
9.49480976934
# mat_delta:
0.669595259017
# log_rec_dev:
 -9.99772951035 -9.99788986809 -9.99779866475 -9.99794460444 -9.99802930169 -9.99819970835 -9.99823362022 -9.99826422847 -9.99827607806 -9.99826632397 -9.99822348574 -9.99811899229 -9.99798988441 -9.99769906473 -9.99728270998 -9.99648797612 -9.99272551479 -9.99253971826 -9.96854574706 2.13061182341 1.16810905395 -9.91794545790 2.61914973316 2.38143832655 -9.96580917492 3.08645935048 0.171146530694 0.448246748100 1.02235644669 0.514528788592 0.530131714207 1.32686303827 0.678186228619 0.122595772766 -0.225398903840 -0.176515248706 -0.353329789968 -0.676541034400 -0.824701303785 -0.915147020296 -0.980585238539 -0.996435237398 -0.818468077207 -0.356777014011 -0.632442138028 -0.758638849484 -0.719356125824 -0.466346139738 -0.441076718380 -0.404985338856 -0.0343346671681 0.377819370190 0.309457573463 0.763341982613 0.521170867088 0.302802118724 -0.421079191484 -0.224700027039 -0.194900324307 -0.0766336678441 -0.288299295915 0.549375040247 0.634675602687 0.101693590262 0.323842223176 1.03310197803 0.551410475172 0.992533343020 0.380108166107 0.771044868345 -0.138022115482 0.388209358800 0.0774296860356 0.935552491966 0.608944319591 1.06934484452 -0.0802590553625 0.155497181127 -1.11514156587 0.0917079129004 -0.266265959326 0.0499034883892 -0.575859677039 1.12586722760 0.498846272636 0.0258773865366 0.00956772853979
# log_q_srv1:
0.604767837053
# log_q_srv2:
0.00000000000
# cv_cpue:
0.00000000000
# logm:
-2.70483100866
# mF50:
0.0655314598481
# mF40:
0.0926409284442
# mF35:
0.110815670620
