#Species name here:
Model_1_goa_pop_2021.dat
#SSL Species?
0
#Constant buffer of Dorn?
0
#Number of fisheries?
1
#Number of sexes?
1
#5year_Average_F(endyr-4,endyr_as_estimated_by_ADmodel)
0.0616323
#_Author_F_as_fraction_F_40%
1
#ABC SPR
0.4
#MSY SPR
0.35
#_Spawn_month
5
#_Number_of_ages
28
#_F_ratio(must_sum_to_one_only_one_fishery)
1
#_Natural_Mortality 2 3 4 5 6 7 8 9 10 11 12 13 14 15 16 17 18 19 20 21 22 23 24 25 26 27 28 29
 0.0668816 0.0668816 0.0668816 0.0668816 0.0668816 0.0668816 0.0668816 0.0668816 0.0668816 0.0668816 0.0668816 0.0668816 0.0668816 0.0668816 0.0668816 0.0668816 0.0668816 0.0668816 0.0668816 0.0668816 0.0668816 0.0668816 0.0668816 0.0668816 0.0668816 0.0668816 0.0668816 0.0668816
#_Maturity_divided_by_2(projection_program_uses_to_get_female_spawning_biomass_if_divide_by_2 2 3 4 5 6 7 8 9 10 11 12 13 14 15 16 17 18 19 20 21 22 23 24 25 26 27 28 29
 0.00657105 0.0127563 0.0246193 0.0469894 0.0878553 0.158356 0.268761 0.417919 0.583771 0.732603 0.842568 0.9127 0.953321 0.975547 0.987331 0.993474 0.996649 0.998282 0.99912 0.999549 0.999769 0.999882 0.999939 0.999969 0.999984 0.999992 0.999996 0.999998
#_Wt_at_age_spawners 2 3 4 5 6 7 8 9 10 11 12 13 14 15 16 17 18 19 20 21 22 23 24 25 26 27 28 29
 44.2 98.5 167.4 243.7 321.6 397 467.2 530.8 587.3 636.7 679.3 715.7 746.6 772.7 794.6 813 828.2 840.9 851.5 860.2 867.5 873.4 878.4 882.4 885.8 888.6 890.8 897.1
#_Wt_at_age_fishery 2 3 4 5 6 7 8 9 10 11 12 13 14 15 16 17 18 19 20 21 22 23 24 25 26 27 28 29
 44.2 98.5 167.4 243.7 321.6 397 467.2 530.8 587.3 636.7 679.3 715.7 746.6 772.7 794.6 813 828.2 840.9 851.5 860.2 867.5 873.4 878.4 882.4 885.8 888.6 890.8 897.1
#_Selectivity_fishery_scaled_to_max_at_one 2 3 4 5 6 7 8 9 10 11 12 13 14 15 16 17 18 19 20 21 22 23 24 25 26 27 28 29
 0.000610542 0.00804785 0.0325884 0.0813928 0.155997 0.252878 0.365185 0.484592 0.602808 0.712604 0.80837 0.88631 0.944375 0.98204 1 0.999848 0.983773 0.954288 0.914021 0.865547 0.811269 0.753346 0.693647 0.633741 0.574895 0.518099 0.464086 0.41337
#_Numbers_at_age_end_year 2 3 4 5 6 7 8 9 10 11 12 13 14 15 16 17 18 19 20 21 22 23 24 25 26 27 28 29
 152.209 144.698 217.075 379.325 64.381 111.521 74.8801 98.018 26.6535 85.8019 28.512 80.6034 45.4396 56.2163 21.2737 25.9416 13.7277 30.6089 18.6577 31.0901 18.083 26.4608 11.7587 8.50012 13.0816 10.8717 4.2745 57.3602
#_N_recruitment_years
41
#_Recruitment_start_at_1977_yearclass=1979_for_age_2_recruits 1979 1980 1981 1982 1983 1984 1985 1986 1987 1988 1989 1990 1991 1992 1993 1994 1995 1996 1997 1998 1999 2000 2001 2002 2003 2004 2005 2006 2007 2008 2009 2010 2011 2012 2013 2014 2015 2016 2017 2018 2019
 37.4836 33.0396 34.3634 44.2564 45.389 47.0571 68.1705 102.942 96.1399 151.364 118.809 95.5022 46.3058 56.3536 58.0582 65.3471 52.8812 122.208 133.09 78.1039 97.5328 198.234 122.457 190.353 103.178 152.535 61.4562 104.017 76.2316 179.81 129.709 205.551 65.1106 176.123 49.4295 165.24 115.518 158.474 84.7604 464.776 248.274
#_Spawners per recruitment (starting at 1977)
 36.3243 31.8749 32.4289 32.6823 31.7014 30.7003 31.8962 34.4884 37.5486 41.7807 45.7552 49.0037 50.8947 52.0272 53.6976 59.4581 67.1766 78.4921 91.4382 103.392 113.313 120.809 126.472 129.942 132.989 136.154 140.105 146.009 153.113 161.808 170.949 181.283 192.302 202.585 210.361 217.055 222.125 227.498 231.399 235.75 238.812 241.326 242.815
