# Number of parameters = 169 Objective function value = 259.683746192535  Maximum gradient component = 0.000114521568409545
# log_mean_rec:
4.44924179661
# sigr:
0.764440000000
# a50:
2.52386681919
# delta:
5.02752177397
# a502:
6.29648102349
# delta2:
1.95816250663
# a503:
2.79871450376
# delta3:
9.68238304490
# a50_srv1:
5.48011474143
# delta_srv1:
5.81916147752
# a50_srv2:
7.30000000000
# delta_srv2:
3.80000000000
# log_avg_F:
-2.61309484439
# log_F_devs:
 -0.803635059791 0.450569243996 1.05606319761 1.70899953767 2.26280733364 1.84261329510 1.47970331215 1.46458772461 1.27731650405 0.855153235512 1.44132070418 1.53683393179 1.33834355054 1.38585576046 1.57678579885 1.72267191582 1.30223786277 0.363934928210 0.395122243790 0.677843705598 0.685957729429 0.0182415157742 -0.690828125852 -0.798088994286 -2.11997603558 -1.19065276192 -0.538387254150 0.0613868195252 0.359486616867 0.425352182258 -0.352077799259 -0.489074152198 -1.80112249655 -2.07863069630 -1.07495587832 -0.605080533616 -0.549492483804 -0.658612954233 -0.512919226506 -0.544603224334 -0.475291087916 -0.392283606819 -0.486452278887 -0.444947709734 -0.525322841001 -0.396173752110 -0.667471350947 -0.759613115877 -0.771719379553 -0.631132603646 -0.760085781915 -0.742973399839 -0.889812686947 -0.618919229055 -0.576753947242 -0.380084955014 -0.342236585455 -0.303828586494 -0.266133355075 -0.266420750764 -0.109503511904 -0.0666500503048 -0.00723832193875
# mat_a50:
9.49480977016
# mat_delta:
0.669595254007
# log_rec_dev:
 -0.300670561026 -0.318151111877 -0.333235051320 -0.347274903674 -0.361275162805 -0.375553243202 -0.388079280005 -0.399050662135 -0.408968127115 -0.416710640257 -0.420607397118 -0.420051628413 -0.413539625849 -0.398684715017 -0.373179722033 -0.334083628936 -0.278509634325 -0.205231843920 -0.117566734030 -0.0281844745465 0.0448490930644 0.104724833473 2.90989982302 0.334130824978 0.341957163988 2.94282416016 0.226559047331 0.423299306688 0.845047410141 0.445616959620 0.489449614656 1.17385562798 0.597753404653 0.0380533732685 -0.283900621311 -0.253285388084 -0.417015538092 -0.706662449513 -0.848858624646 -0.939728778096 -1.00396169771 -1.01705585455 -0.841690945108 -0.402673261125 -0.664849051489 -0.790211010386 -0.752948264084 -0.509567758815 -0.490405646984 -0.421708094923 -0.0492422982128 0.362370558334 0.274414515865 0.715170507952 0.465993776684 0.252495962177 -0.418586719483 -0.249798288878 -0.250540375469 -0.0880527173695 -0.314803119456 0.551230820990 0.611174375002 0.0974842750591 0.331416756062 1.03520098328 0.546355737338 1.00370021410 0.382239201135 0.783654333287 -0.139307631589 0.379430792248 0.0443922828431 0.830254613069 0.512077615792 0.968410086167 -0.0317334229539 0.768473636527 -0.218518193238 0.744555716537 0.368263877709 0.314745049919 -0.272744782436 0.826222806648 0.415255877963 -0.0859224577500 -0.142971543323 0.00354721823906 0.00200211776032
# log_q_srv1:
0.551645964812
# log_q_srv2:
0.00000000000
# cv_cpue:
0.00000000000
# logm:
-2.59904050248
# mF50:
0.0692290603266
# mF40:
0.0990104638024
# mF35:
0.119243411749
