# Number of parameters = 169 Objective function value = 293.908942809152  Maximum gradient component = 0.000251904412480745
# log_mean_rec:
3.07938842380
# sigr:
1.02019540641
# a50:
2.53186204066
# delta:
5.17233958008
# a502:
6.39880969578
# delta2:
2.14272198068
# a503:
2.72979133717
# delta3:
9.12639314956
# a50_srv1:
4.70796957908
# delta_srv1:
5.59093030779
# a50_srv2:
7.30000000000
# delta_srv2:
3.80000000000
# log_avg_F:
-2.04939100327
# log_F_devs:
 -1.31150196110 -0.0216642028058 0.598706727642 1.25998555475 1.86517804397 1.45823979927 1.09815483661 1.08932029040 0.894392136683 0.476454488344 1.06843528756 1.15678563165 0.969876064688 1.04104972920 1.27541746158 1.50619276778 1.19283765651 0.332307805211 0.411391421707 0.770204200528 0.888991567778 0.309584953940 -0.378428677030 -0.502091475269 -1.85839790144 -0.967937311735 -0.337272534496 0.267132948337 0.603438169495 0.726436350958 -0.0120305271325 -0.154730734259 -1.49034001210 -1.81264856934 -0.845055140415 -0.406671758384 -0.362943351930 -0.483696062727 -0.346275673199 -0.385636603195 -0.323191974967 -0.246064543567 -0.349732595092 -0.316293461042 -0.403216978287 -0.279954799229 -0.592341822186 -0.696513790016 -0.723409575286 -0.593022062762 -0.731174319246 -0.722355431748 -0.876260068867 -0.613616630835 -0.575716080817 -0.380072986435 -0.337273420645 -0.294582947669 -0.252088596611 -0.245210961364 -0.0759156381845 -0.0177568964715 0.0625820597227
# mat_a50:
9.49480977157
# mat_delta:
0.669595265482
# log_rec_dev:
 -0.504725532689 -0.514663854482 -0.520095035888 -0.523871798512 -0.527242593330 -0.530459591468 -0.530941230460 -0.529409724390 -0.526178512767 -0.520032047104 -0.509463773503 -0.493710235035 -0.471212215844 -0.439661088969 -0.396648597149 -0.339336143716 -0.265243636768 -0.174675479037 -0.0753810808631 0.0108169490963 0.0560862665539 0.0636311128630 3.99560736054 0.136125671511 0.144067433005 4.05123002216 0.109725203951 0.188688129155 2.42338898870 0.451610957804 0.415466701232 2.63931827708 0.491096653618 1.09759592215 0.369207124800 0.712178034789 0.245792675504 -0.276424654485 -0.529322061534 -0.697088489441 -0.805488298832 -0.844294424085 -0.637964638413 0.172872854619 -0.342483807482 -0.457075518202 -0.424266790293 -0.0712176276982 -0.127654157804 -0.0977719531229 0.294729119929 0.707615235238 0.564726629631 1.05669376921 0.779953583472 0.642874732303 -0.199213763857 0.130303997895 0.0715075914783 0.321855041575 -0.0629414593096 0.972721510150 1.00824720591 0.432573343304 0.697507301966 1.44050321925 0.875922451932 1.41640641240 0.677844681733 1.22842944195 0.0308193689160 0.830888950708 0.311644161252 1.26998278443 0.849817994636 1.42959041146 0.122563385362 1.25507613099 -0.139790830765 1.20836885092 0.706468137485 0.710056730985 -0.185878672824 1.30661973043 0.791369912969 -0.0242903480879 -0.147580458174 0.00354976317901 0.00207301299070
# log_q_srv1:
1.17242679212
# log_q_srv2:
0.00000000000
# cv_cpue:
0.00000000000
# logm:
-3.50655789732
# mF50:
0.0361582358056
# mF40:
0.0507197640061
# mF35:
0.0602690789085
