# Number of parameters = 169 Objective function value = 253.871732325932  Maximum gradient component = 2.68215497991577e-05
# log_mean_rec:
7.10511347519
# sigr:
0.428124168115
# a50:
2.65678034297
# delta:
5.58945438463
# a502:
6.30123012802
# delta2:
1.76571876541
# a503:
3.30495752008
# delta3:
16.0075308193
# a50_srv1:
11.5477080557
# delta_srv1:
8.69172179935
# a50_srv2:
7.30000000000
# delta_srv2:
3.80000000000
# log_avg_F:
-3.89467311271
# log_F_devs:
 -0.374491701859 1.00073885564 1.71694741929 2.29540408180 2.67679947454 2.13457624120 1.64817671877 1.51431181040 1.23217029068 0.758238199609 1.28987873381 1.28216725241 0.965039505428 0.883245505011 0.903045065642 0.831809935440 0.293088540192 -0.694149162781 -0.653117713101 -0.378608262818 -0.390090653376 -1.03967859003 -1.67934798285 -1.69816951994 -2.92557918409 -1.90862357387 -1.18607264054 -0.539216678716 -0.216183112765 -0.127340229215 -0.866138401790 -0.942028622341 -2.18443301631 -2.38863074288 -1.32506807041 -0.691685934708 -0.607524930384 -0.694735005063 -0.534184722270 -0.553961112358 -0.474591983059 -0.383009276621 -0.465597031883 -0.414003910580 -0.484602977781 -0.345835178101 0.0604163697920 -0.0135642739099 -0.00605743076791 0.149993978214 0.0352574034810 0.0652145112995 -0.0700780529438 0.212900871177 0.263907436115 0.466957566386 0.507194823563 0.548072936709 0.587724813330 0.587828469793 0.742397574810 0.781972998077 0.820924774040
# mat_a50:
9.49480978626
# mat_delta:
0.669595260156
# log_rec_dev:
 -0.0394589856912 -0.0473351099520 -0.0563061901950 -0.0664992478123 -0.0782428176505 -0.0918520437454 -0.107129127248 -0.123991680806 -0.142868424008 -0.163480863526 -0.185110047756 -0.207463864553 -0.229695388708 -0.250216414142 -0.267358585665 -0.278636076854 -0.280869706089 -0.270022350250 -0.240619661402 -0.184550371409 -0.0858375770077 0.0940490654588 0.407654398464 0.621097148600 0.647789239780 1.13558726513 0.287684408459 -0.0659377560088 -0.119460171098 -0.104823592341 0.0675261804387 0.298730851609 0.162576278863 -0.119893820050 -0.279907132302 -0.239755544506 -0.225047392790 -0.297903536928 -0.350289905066 -0.401921827505 -0.446806463523 -0.474172724492 -0.437456417671 -0.360891985260 -0.420328287827 -0.466854264439 -0.491802305985 -0.422177712099 -0.390429078317 -0.330545168329 -0.0734075990931 0.249957810679 0.244687534479 0.461964023039 0.474034914874 0.152386368305 -0.352451613494 -0.318785231642 -0.307516058179 -0.203512439883 -0.251995438219 0.327917024862 0.431426382767 0.0495456883959 0.202469516523 0.806551992794 0.452610411337 0.738477890423 0.288717397053 0.478873842373 -0.0963486567135 0.119528471292 -0.0145368885619 0.525373069399 0.354786317512 0.626142634802 0.0172663166371 0.405976168392 -0.100453334199 0.385895723998 0.156390921350 0.0819281271391 -0.201230294660 0.311554506434 0.0841512122312 -0.0854278956266 -0.111116747631 0.00365721200603 0.00194229038579
# log_q_srv1:
-0.0857040815777
# log_q_srv2:
0.00000000000
# cv_cpue:
0.00000000000
# logm:
-1.66073120682
# mF50:
0.422383328526
# mF40:
0.660904582670
# mF35:
0.833551144076
