#Species name here:
Model_1_goa_pop_2023.dat
#SSL Species?
0
#Constant buffer of Dorn?
0
#Number of fisheries?
1
#Number of sexes?
1
#5year_Average_F(endyr-4,endyr_as_estimated_by_ADmodel)
0.0413485
#_Author_F_as_fraction_F_40%
1
#ABC SPR
0.4
#MSY SPR
0.35
#_Spawn_month
5
#_Number_of_ages
28
#_F_ratio(must_sum_to_one_only_one_fishery)
1
#_Natural_Mortality 2 3 4 5 6 7 8 9 10 11 12 13 14 15 16 17 18 19 20 21 22 23 24 25 26 27 28 29
 0.19 0.19 0.19 0.19 0.19 0.19 0.19 0.19 0.19 0.19 0.19 0.19 0.19 0.19 0.19 0.19 0.19 0.19 0.19 0.19 0.19 0.19 0.19 0.19 0.19 0.19 0.19 0.19
#_Maturity_divided_by_2(projection_program_uses_to_get_female_spawning_biomass_if_divide_by_2 2 3 4 5 6 7 8 9 10 11 12 13 14 15 16 17 18 19 20 21 22 23 24 25 26 27 28 29
 0.00657105 0.0127563 0.0246193 0.0469894 0.0878553 0.158356 0.268761 0.417919 0.583771 0.732603 0.842568 0.9127 0.953321 0.975547 0.987331 0.993474 0.996649 0.998282 0.99912 0.999549 0.999769 0.999882 0.999939 0.999969 0.999984 0.999992 0.999996 0.999998
#_Wt_at_age_spawners 2 3 4 5 6 7 8 9 10 11 12 13 14 15 16 17 18 19 20 21 22 23 24 25 26 27 28 29
 44.3 98.3 166.7 242.5 320 395 464.9 528.2 584.5 633.8 676.3 712.7 743.6 769.7 791.7 810 825.4 838.1 848.7 857.5 864.7 870.8 875.7 879.8 883.2 886 888.3 894.6
#_Wt_at_age_fishery 2 3 4 5 6 7 8 9 10 11 12 13 14 15 16 17 18 19 20 21 22 23 24 25 26 27 28 29
 44.3 98.3 166.7 242.5 320 395 464.9 528.2 584.5 633.8 676.3 712.7 743.6 769.7 791.7 810 825.4 838.1 848.7 857.5 864.7 870.8 875.7 879.8 883.2 886 888.3 894.6
#_Selectivity_fishery_scaled_to_max_at_one 2 3 4 5 6 7 8 9 10 11 12 13 14 15 16 17 18 19 20 21 22 23 24 25 26 27 28 29
 0.000179351 0.00201343 0.00783274 0.0197448 0.0392408 0.0670985 0.103423 0.147753 0.199185 0.25651 0.318326 0.383144 0.449474 0.515883 0.581051 0.643801 0.703115 0.758152 0.80824 0.852877 0.891719 0.924566 0.951346 0.972102 0.986973 0.996178 1 0.998774
#_Numbers_at_age_end_year 2 3 4 5 6 7 8 9 10 11 12 13 14 15 16 17 18 19 20 21 22 23 24 25 26 27 28 29
 1220.55 1011.07 745.384 632.224 618.917 641.437 316.757 346.216 306.613 316.469 159.324 216.007 119.394 178.592 110.572 106.32 50.1616 46.3746 30.1841 43.3047 28.8851 36.521 22.1171 25.3822 11.1685 7.71199 9.08851 24.9876
#_N_recruitment_years
43
#_Recruitment_start_at_1977_yearclass=1979_for_age_2_recruits 1979 1980 1981 1982 1983 1984 1985 1986 1987 1988 1989 1990 1991 1992 1993 1994 1995 1996 1997 1998 1999 2000 2001 2002 2003 2004 2005 2006 2007 2008 2009 2010 2011 2012 2013 2014 2015 2016 2017 2018 2019 2020 2021
 800.139 763.764 744.946 798.66 824.424 875.301 1131.96 1564.11 1555.89 1933.48 1956.96 1418.71 856.335 885.656 895.693 993.865 946.829 1690.92 1875.33 1280.06 1491.57 2728.93 1915.48 2549.34 1625.92 1966.45 1106.29 1372.85 1200.6 2060.05 1736.97 2278.46 1239.4 1828.2 1101.76 1791.86 1424.4 1322.19 996.135 1663.48 1325.13 1118.43 1090.07
#_Spawners per recruitment (starting at 1977)
 396.661 393.87 394.582 393.403 389.688 385.018 381.887 379.732 377.852 377.155 376.471 376.121 376.747 380.475 389.973 409.55 436.48 470.162 504.753 533.4 551.598 558.16 555.869 548.844 543.458 543.864 552.395 569.98 594.388 624.598 657.836 691.95 722.278 743.968 754.013 755.306 750.664 746.038 742.349 741.825 740.849 737.919 731.15 720.581 707.624
