# Number of parameters = 169 Objective function value = 254.616116002175  Maximum gradient component = 5.52559182665316e-05
# log_mean_rec:
5.34576535933
# sigr:
0.621185769600
# a50:
2.54675247921
# delta:
5.08722671698
# a502:
6.33924094888
# delta2:
1.91418518446
# a503:
2.91202451700
# delta3:
10.8565772124
# a50_srv1:
6.83265236754
# delta_srv1:
6.55672129011
# a50_srv2:
7.30000000000
# delta_srv2:
3.80000000000
# log_avg_F:
-3.08392076401
# log_F_devs:
 -0.543782009993 0.820758212431 1.51049745484 2.09181566434 2.59056382628 2.17124322069 1.78810699594 1.74680105977 1.54047940431 1.10399444008 1.67520187289 1.74147110018 1.49738221790 1.48504859703 1.58811748940 1.60650052842 1.06748971023 0.0640528240499 0.0646531001405 0.306770097667 0.268138723825 -0.419510808576 -1.11011850655 -1.18248306550 -2.46459929234 -1.49834342070 -0.817921272070 -0.202425793892 0.0985770312011 0.167707967129 -0.596813265703 -0.704069218245 -1.97942292897 -2.21861111009 -1.18909265907 -0.677979434429 -0.610017702534 -0.709304044791 -0.556844066290 -0.582659540750 -0.508190650950 -0.420675281091 -0.508881936203 -0.462432105709 -0.538567107734 -0.405758692610 -0.578338310285 -0.662702078458 -0.666267226376 -0.519332470984 -0.642623490039 -0.620479153128 -0.763001015916 -0.487404804136 -0.442264901517 -0.243779570291 -0.206542928201 -0.168503255031 -0.131468756912 -0.133204826389 0.0205122774667 0.0595758214799 0.0989553770246
# mat_a50:
9.49480979381
# mat_delta:
0.669595244670
# log_rec_dev:
 -0.180599583986 -0.198057167340 -0.215049955462 -0.231978006765 -0.249535614663 -0.268087050107 -0.286162780418 -0.303718403252 -0.321181828730 -0.337596639759 -0.351424355192 -0.362074145606 -0.367998850271 -0.366788712508 -0.355827687435 -0.331328328856 -0.288387067756 -0.220805254261 -0.120779871853 0.0213096347670 0.221722837271 0.523136979205 0.767400091897 2.00510266090 0.290441948441 2.09974695955 0.351817974532 0.173169548903 0.175345250012 0.0685250159159 0.213359271052 0.561170414850 0.247277644294 -0.208088540443 -0.445580336452 -0.410907386301 -0.453080899090 -0.593456803389 -0.663121781165 -0.718994548971 -0.761698914131 -0.777777556847 -0.689291981501 -0.523023537339 -0.599947637671 -0.645795228799 -0.664375843847 -0.525994513187 -0.469762957139 -0.397974067502 -0.0704313816322 0.328881010130 0.233806964702 0.513277866448 0.537712247423 0.227497272169 -0.438003157654 -0.299385943683 -0.291871507142 -0.165461194133 -0.316584011001 0.448297639299 0.520528000770 0.0509932454587 0.261018296159 0.936487116154 0.491896481358 0.900762275680 0.339598295753 0.662300077980 -0.126989156943 0.262635683765 0.0131547813931 0.707451203524 0.442798244854 0.833188954276 -0.0179951230280 0.622669669976 -0.170774021109 0.610115968796 0.292773604529 0.221243714240 -0.234203878915 0.637470876308 0.282550042559 -0.0823041006950 -0.122715926347 0.00330034982809 0.00184905330894
# log_q_srv1:
0.177135910545
# log_q_srv2:
0.00000000000
# cv_cpue:
0.00000000000
# logm:
-2.20727491319
# mF50:
0.107401760568
# mF40:
0.158384678750
# mF35:
0.194147689756
