#Species name here:
Model_1_goa_pop_2023.dat
#SSL Species?
0
#Constant buffer of Dorn?
0
#Number of fisheries?
1
#Number of sexes?
1
#5year_Average_F(endyr-4,endyr_as_estimated_by_ADmodel)
0.0452138
#_Author_F_as_fraction_F_40%
1
#ABC SPR
0.4
#MSY SPR
0.35
#_Spawn_month
5
#_Number_of_ages
28
#_F_ratio(must_sum_to_one_only_one_fishery)
1
#_Natural_Mortality 2 3 4 5 6 7 8 9 10 11 12 13 14 15 16 17 18 19 20 21 22 23 24 25 26 27 28 29
 0.11 0.11 0.11 0.11 0.11 0.11 0.11 0.11 0.11 0.11 0.11 0.11 0.11 0.11 0.11 0.11 0.11 0.11 0.11 0.11 0.11 0.11 0.11 0.11 0.11 0.11 0.11 0.11
#_Maturity_divided_by_2(projection_program_uses_to_get_female_spawning_biomass_if_divide_by_2 2 3 4 5 6 7 8 9 10 11 12 13 14 15 16 17 18 19 20 21 22 23 24 25 26 27 28 29
 0.00657105 0.0127563 0.0246193 0.0469894 0.0878553 0.158356 0.268761 0.417919 0.583771 0.732603 0.842568 0.9127 0.953321 0.975547 0.987331 0.993474 0.996649 0.998282 0.99912 0.999549 0.999769 0.999882 0.999939 0.999969 0.999984 0.999992 0.999996 0.999998
#_Wt_at_age_spawners 2 3 4 5 6 7 8 9 10 11 12 13 14 15 16 17 18 19 20 21 22 23 24 25 26 27 28 29
 44.3 98.3 166.7 242.5 320 395 464.9 528.2 584.5 633.8 676.3 712.7 743.6 769.7 791.7 810 825.4 838.1 848.7 857.5 864.7 870.8 875.7 879.8 883.2 886 888.3 894.6
#_Wt_at_age_fishery 2 3 4 5 6 7 8 9 10 11 12 13 14 15 16 17 18 19 20 21 22 23 24 25 26 27 28 29
 44.3 98.3 166.7 242.5 320 395 464.9 528.2 584.5 633.8 676.3 712.7 743.6 769.7 791.7 810 825.4 838.1 848.7 857.5 864.7 870.8 875.7 879.8 883.2 886 888.3 894.6
#_Selectivity_fishery_scaled_to_max_at_one 2 3 4 5 6 7 8 9 10 11 12 13 14 15 16 17 18 19 20 21 22 23 24 25 26 27 28 29
 0.000755733 0.00780818 0.0281828 0.0661328 0.122569 0.195675 0.281814 0.376403 0.474613 0.571878 0.664218 0.748414 0.82207 0.883595 0.932131 0.96745 0.989842 1 0.99891 0.987753 0.967825 0.94046 0.906986 0.868673 0.826711 0.782183 0.736059 0.689188
#_Numbers_at_age_end_year 2 3 4 5 6 7 8 9 10 11 12 13 14 15 16 17 18 19 20 21 22 23 24 25 26 27 28 29
 210.106 188.487 148.805 138.615 178.295 226.494 84.1175 117.354 111.098 133.97 53.6811 103.524 47.4678 96.5892 56.7311 64.1285 27.7923 30.9748 18.2433 34.9912 22.1153 33.8779 19.6867 26.8577 11.9488 8.46345 11.8298 51.1584
#_N_recruitment_years
43
#_Recruitment_start_at_1977_yearclass=1979_for_age_2_recruits 1979 1980 1981 1982 1983 1984 1985 1986 1987 1988 1989 1990 1991 1992 1993 1994 1995 1996 1997 1998 1999 2000 2001 2002 2003 2004 2005 2006 2007 2008 2009 2010 2011 2012 2013 2014 2015 2016 2017 2018 2019 2020 2021
 115.102 109.944 107.92 123.937 131.106 140.863 195.456 291.385 264.958 350.389 359.056 263.292 135.336 155.459 156.631 177.737 152.808 328.344 352.938 220.69 272.267 534.992 342.976 516.217 294.525 406.696 184.708 272.708 212.495 425.479 326.544 482.487 205.978 390.893 176.795 386.017 281.052 261.65 165.929 396.722 278.193 193.149 185.499
#_Spawners per recruitment (starting at 1977)
 77.7606 76.5 80.2592 83.6203 85.5972 87.3422 91.0041 95.7474 100.642 106.453 111.789 116.366 119.834 123.163 127.997 138.198 151.506 169.217 188.58 206.156 220.185 229.847 235.846 238.542 240.656 243.632 248.71 257.222 268.276 282.101 297.368 314.324 331.59 346.784 357.514 365.113 369.467 373.266 375.434 378.244 379.792 380.469 379.399 376.448 372.391
