# Number of parameters = 166 Objective function value = 259.550813679639  Maximum gradient component = 5.56519974427843e-05
# log_mean_rec:
4.44765751133
# sigr:
0.767957426847
# a50:
2.52264402663
# delta:
5.07655447311
# a502:
6.30070599739
# delta2:
1.96258171248
# a503:
2.75436563039
# delta3:
8.91857712252
# a50_srv1:
5.35197056995
# delta_srv1:
5.68147677050
# a50_srv2:
7.30000000000
# delta_srv2:
3.80000000000
# log_avg_F:
-2.58463260998
# log_F_devs:
 -0.822443238147 0.458665765722 1.07778985900 1.77451516322 2.29982756757 1.78705133031 1.43578784687 1.44269524638 1.26246981105 0.846841061647 1.40940691229 1.48242950363 1.28030013653 1.34392564297 1.55456773057 1.69373971335 1.27690096574 0.344188045015 0.376404877268 0.660250023915 0.669493176032 0.00225483432508 -0.707141707323 -0.815008298972 -2.13753038866 -1.20872745157 -0.556785458400 0.0428527244662 0.341328796667 0.408308193757 -0.367663109910 -0.503923046731 -1.81642863117 -2.09529449344 -1.09230434308 -0.626463884799 -0.569639697616 -0.677399262686 -0.530323674801 -0.560283052462 -0.488132194004 -0.401970555193 -0.492539669727 -0.446163076881 -0.521056022835 -0.385917111842 -0.646121375455 -0.734386568698 -0.742683587733 -0.597880981810 -0.722668179956 -0.702084161482 -0.846226009636 -0.573547606286 -0.530006344401 -0.331974294918 -0.291837575854 -0.250375810299 -0.207678206499 -0.203542275892 -0.0678451244814
# mat_a50:
9.49480977375
# mat_delta:
0.669595244115
# log_rec_dev:
 -0.279144843591 -0.295758329473 -0.309937023038 -0.323062740790 -0.336163596012 -0.349527477285 -0.361181406781 -0.371273854843 -0.380266256227 -0.387069240927 -0.389967600190 -0.388375250484 -0.380754903640 -0.364730837532 -0.337994229936 -0.297647944883 -0.240965833021 -0.167157739836 -0.0806749295443 0.00373802570552 0.0660444472002 0.110330764270 2.98410698662 0.315286461763 0.341906793175 2.93350398981 0.215710040370 0.406976952049 0.815351534415 0.427880896634 0.477887442479 1.13726787731 0.583498434076 0.0255699186234 -0.293268059260 -0.262413422104 -0.426327229432 -0.714980282968 -0.855892230870 -0.945419161974 -1.00930543927 -1.02342456565 -0.848215956079 -0.406773659492 -0.671722268766 -0.797758947798 -0.760160849481 -0.514674035702 -0.485409144653 -0.441908570224 -0.0715665012436 0.334384028631 0.267583099076 0.712457979004 0.473228264683 0.243213839598 -0.455044034201 -0.277473029228 -0.250799668739 -0.130202036203 -0.333767518478 0.483487088884 0.575520888169 0.0478368796568 0.262237403240 0.969553765862 0.495964452932 0.921112907363 0.319331341655 0.693931474267 -0.193110806613 0.306800979526 0.00894931616144 0.844269612673 0.526775056044 0.963682559564 -0.0763784069381 0.651434437359 -0.377966899915 0.550087492003 0.205336434625 0.375657519794 -0.117591413034 1.05600951321 0.391271889203 0.00902536858174 0.00340212579521
# log_q_srv1:
0.586193147812
# log_q_srv2:
0.00000000000
# cv_cpue:
0.00000000000
# logm:
-2.59339593830
# mF50:
0.0701186614740
# mF40:
0.0995905584004
# mF35:
0.119465075793
