#Species name here:
Model_1_goa_pop_2021.dat
#SSL Species?
0
#Constant buffer of Dorn?
0
#Number of fisheries?
1
#Number of sexes?
1
#5year_Average_F(endyr-4,endyr_as_estimated_by_ADmodel)
0.0616681
#_Author_F_as_fraction_F_40%
1
#ABC SPR
0.4
#MSY SPR
0.35
#_Spawn_month
5
#_Number_of_ages
28
#_F_ratio(must_sum_to_one_only_one_fishery)
1
#_Natural_Mortality 2 3 4 5 6 7 8 9 10 11 12 13 14 15 16 17 18 19 20 21 22 23 24 25 26 27 28 29
 0.0747657 0.0747657 0.0747657 0.0747657 0.0747657 0.0747657 0.0747657 0.0747657 0.0747657 0.0747657 0.0747657 0.0747657 0.0747657 0.0747657 0.0747657 0.0747657 0.0747657 0.0747657 0.0747657 0.0747657 0.0747657 0.0747657 0.0747657 0.0747657 0.0747657 0.0747657 0.0747657 0.0747657
#_Maturity_divided_by_2(projection_program_uses_to_get_female_spawning_biomass_if_divide_by_2 2 3 4 5 6 7 8 9 10 11 12 13 14 15 16 17 18 19 20 21 22 23 24 25 26 27 28 29
 0.00657105 0.0127563 0.0246193 0.0469894 0.0878553 0.158356 0.268761 0.417919 0.583771 0.732603 0.842568 0.9127 0.953321 0.975547 0.987331 0.993474 0.996649 0.998282 0.99912 0.999549 0.999769 0.999882 0.999939 0.999969 0.999984 0.999992 0.999996 0.999998
#_Wt_at_age_spawners 2 3 4 5 6 7 8 9 10 11 12 13 14 15 16 17 18 19 20 21 22 23 24 25 26 27 28 29
 44.2 98.5 167.4 243.7 321.6 397 467.2 530.8 587.3 636.7 679.3 715.7 746.6 772.7 794.6 813 828.2 840.9 851.5 860.2 867.5 873.4 878.4 882.4 885.8 888.6 890.8 897.1
#_Wt_at_age_fishery 2 3 4 5 6 7 8 9 10 11 12 13 14 15 16 17 18 19 20 21 22 23 24 25 26 27 28 29
 44.2 98.5 167.4 243.7 321.6 397 467.2 530.8 587.3 636.7 679.3 715.7 746.6 772.7 794.6 813 828.2 840.9 851.5 860.2 867.5 873.4 878.4 882.4 885.8 888.6 890.8 897.1
#_Selectivity_fishery_scaled_to_max_at_one 2 3 4 5 6 7 8 9 10 11 12 13 14 15 16 17 18 19 20 21 22 23 24 25 26 27 28 29
 0.000834999 0.00972003 0.0368547 0.0882807 0.164418 0.261161 0.371673 0.488088 0.602792 0.709252 0.802443 0.878972 0.936991 0.975991 0.996539 1 0.988275 0.963577 0.928239 0.884578 0.834784 0.78085 0.724533 0.667337 0.610506 0.555038 0.501705 0.451077
#_Numbers_at_age_end_year 2 3 4 5 6 7 8 9 10 11 12 13 14 15 16 17 18 19 20 21 22 23 24 25 26 27 28 29
 85.7177 79.9871 108.717 195.675 55.8514 84.0324 64.7434 82.9653 29.5861 74.2868 32.03 80.6296 46.2455 56.3486 21.683 25.9409 14.0057 30.356 18.6889 30.6172 17.9806 25.9351 11.4751 8.30641 12.6327 10.3574 4.1267 52.2445
#_N_recruitment_years
41
#_Recruitment_start_at_1977_yearclass=1979_for_age_2_recruits 1979 1980 1981 1982 1983 1984 1985 1986 1987 1988 1989 1990 1991 1992 1993 1994 1995 1996 1997 1998 1999 2000 2001 2002 2003 2004 2005 2006 2007 2008 2009 2010 2011 2012 2013 2014 2015 2016 2017 2018 2019
 43.6383 38.4708 39.9447 51.0591 52.5754 54.9129 79.5266 119.348 111.636 174.185 137.124 108.948 54.1963 64.7274 66.4771 74.9976 61.1843 138.538 151.893 89.6125 111.04 225.25 140.277 214.599 117.565 170.987 70.4249 116.101 86.1945 198.726 144.667 223.931 79.1448 163.873 58.5388 148.079 104.899 124.377 75.9493 245.591 126.334
#_Spawners per recruitment (starting at 1977)
 39.4241 35.2526 36.0402 36.506 35.7197 34.9057 36.2872 39.0601 42.2865 46.6722 50.7717 54.1326 56.1596 57.5021 59.4993 65.7311 74.0435 86.0315 99.6273 112.101 122.331 129.896 135.421 138.63 141.382 144.295 148.083 153.921 161.04 169.809 179.062 189.528 200.572 210.705 218.131 224.28 228.665 233.257 236.309 239.685 241.533 242.393 241.58
