# Number of parameters = 165 Objective function value = 252.254154486153  Maximum gradient component = 6.69760044471329e-005
# log_mean_rec:
4.43924231717
# sigr:
0.771470000000
# a50:
2.52435605140
# delta:
5.09023099296
# a502:
6.29009854419
# delta2:
1.94090380047
# a503:
2.75785058683
# delta3:
8.95502734082
# a50_srv1:
5.39748208359
# delta_srv1:
5.72319544956
# a50_srv2:
7.30000000000
# delta_srv2:
3.80000000000
# log_avg_F:
-2.58152336875
# log_F_devs:
 -0.819015382193 0.426471520195 1.02436454937 1.67539178962 2.22646976143 1.80542480207 1.44382634056 1.42950469139 1.24259849744 0.821326852667 1.40764991465 1.50282936037 1.30512972986 1.35440061263 1.54748143360 1.69604822709 1.27630658054 0.340611442872 0.373953131090 0.659013849054 0.669615726241 0.00361956437489 -0.705091694485 -0.812551994103 -2.13454761419 -1.20527957509 -0.552948944613 0.0470937682729 0.346172532891 0.413647566488 -0.362181542608 -0.498790257678 -1.81173349736 -2.09107761356 -1.08813862239 -0.621514939598 -0.564765728519 -0.672578533659 -0.525564864304 -0.555546226877 -0.483406064578 -0.397232966313 -0.487843486887 -0.441457734811 -0.516336326454 -0.381174711247 -0.637392048978 -0.725622085545 -0.733944425579 -0.589140462429 -0.713892499906 -0.693283410621 -0.837349807743 -0.564665731104 -0.520997840577 -0.322831778909 -0.282402404691 -0.240696859574 -0.197656887350 -0.193218435775 -0.0570777033535
# mat_a50:
9.49480976345
# mat_delta:
0.669595267253
# log_rec_dev:
 -0.291029997484 -0.308320076133 -0.323198165635 -0.337030578565 -0.350835549085 -0.364920753480 -0.377271248424 -0.388058909981 -0.397761583658 -0.405269305726 -0.408870164924 -0.407967357574 -0.401025148712 -0.385625648651 -0.359438724692 -0.319498994118 -0.262948083669 -0.188713810517 -0.100684951692 -0.0127327733596 0.0557108294780 0.108287103483 2.93844275827 0.324637714473 0.334985809650 2.95809706822 0.230613583327 0.428467781440 0.865193002824 0.452743194653 0.495807316539 1.19256666497 0.611516867694 0.0428407289896 -0.282055560491 -0.243692551554 -0.409825772890 -0.706468066784 -0.849003196648 -0.939133420056 -1.00375730647 -1.01843618488 -0.842522017463 -0.396149803875 -0.664586998290 -0.791254907252 -0.753595753713 -0.506462293054 -0.478040410635 -0.435963262384 -0.0646862522568 0.343021992900 0.275230720091 0.721864098442 0.481203445559 0.251712599828 -0.448755940801 -0.269608654600 -0.243693692027 -0.121730958418 -0.328180310937 0.491825983948 0.583798825510 0.0543944213604 0.269145599523 0.978200087410 0.502402441627 0.929832101191 0.325103074900 0.703068230751 -0.189471537850 0.315461303028 0.0137594429458 0.852962699688 0.532899507687 0.972734826956 -0.0734186373491 0.660722537365 -0.376397432872 0.558869301385 0.210375943718 0.381952039237 -0.117010504620 1.06407091904 0.394228217733 0.00915099129059 0.00345727129124
# log_q_srv1:
0.599552328130
# log_q_srv2:
0.00000000000
# cv_cpue:
0.00000000000
# logm:
-2.58571239829
# mF50:
0.0706044283012
# mF40:
0.100363404507
# mF35:
0.120454087892
