# Number of parameters = 167 Objective function value = 246.701477514009  Maximum gradient component = 0.000127388973103609
# log_mean_rec:
4.71062325907
# sigr:
0.677229674131
# a50:
2.49775948683
# delta:
4.99416987273
# a502:
6.26494575029
# delta2:
1.85892761102
# a503:
2.67128408673
# delta3:
8.03089967865
# a50_srv1:
4.43469975390
# delta_srv1:
4.59757673328
# a50_srv2:
7.30000000000
# delta_srv2:
3.80000000000
# log_avg_F:
-2.81485027310
# log_F_devs:
 -0.646962646027 0.606747428774 1.21505478502 1.87092488147 2.40601383114 1.97262362961 1.60546811463 1.58285964546 1.38809997168 0.959029415420 1.53293048300 1.60910990335 1.38724914793 1.40502064138 1.54968833511 1.62491677972 1.12275291142 0.149617485741 0.166035035045 0.426415824017 0.405851386236 -0.277512129665 -0.983419928320 -1.08044683023 -2.38712137034 -1.44329765157 -0.782854804819 -0.183960690876 0.105597170730 0.165071722930 -0.609434060870 -0.732179875044 -2.02497212209 -2.28087764823 -1.25873511552 -0.777365515793 -0.705316856027 -0.797976953048 -0.637012901960 -0.653662275598 -0.568270671806 -0.468499383516 -0.541066605682 -0.476618589600 -0.529913637168 -0.371207099343 -0.639926181286 -0.703282863066 -0.682333613491 -0.507849238504 -0.600317520451 -0.547094053085 -0.661074060168 -0.351677294625 -0.275237349412 -0.0399312642243 0.0360760380696 0.114806926272 0.191455799830 0.230433650394 0.397564552385
# mat_a50:
9.49480979102
# mat_delta:
0.669595297323
# log_rec_dev:
 -0.222574664966 -0.238703670555 -0.253291201933 -0.267247548145 -0.281374034596 -0.295960699984 -0.309320541706 -0.321523430144 -0.333018213284 -0.342814218900 -0.349373930318 -0.352149955992 -0.349765126805 -0.339999804944 -0.320759334713 -0.289332574021 -0.243021954493 -0.180405690837 -0.103578836859 -0.0216576146461 0.0525415362634 0.123968114730 2.70050124918 0.379716981567 0.379091483608 2.75715514005 0.242209965131 0.371109201636 0.621912122803 0.380327915490 0.452309414749 1.01237078309 0.555889620663 0.00951711151022 -0.283019905201 -0.237427517805 -0.336836595238 -0.566856425982 -0.672333627413 -0.735841651558 -0.780680541513 -0.782503029461 -0.612677721801 -0.204550018548 -0.446375535292 -0.570293968193 -0.539246163103 -0.313520445942 -0.286626495211 -0.249832829512 0.0989374809616 0.500250617824 0.426068531099 0.863958387935 0.613522724408 0.370305652060 -0.329941912400 -0.184086970402 -0.156054645083 -0.0745595018175 -0.258926718139 0.509400224193 0.575986253745 0.0471384769005 0.232821732398 0.871095710136 0.406673086571 0.745613204594 0.181176273327 0.423837754311 -0.342928513236 -0.0237247664442 -0.235004358596 0.422911522956 0.179177558617 0.474543569309 -0.338975118558 0.139131453156 -0.609354634095 0.0491228844530 -0.152899567100 -0.00217792624572 -0.274498758413 0.671798595771 0.246714098121 0.00809672296121 0.00304472588011
# log_q_srv1:
0.104502582540
# log_q_srv2:
0.800469499424
# cv_cpue:
0.00000000000
# logm:
-2.44895451311
# mF50:
0.0766700411325
# mF40:
0.107733771281
# mF35:
0.128393458278
