#Species name here:
Model_1_goa_pop_2021.dat
#SSL Species?
0
#Constant buffer of Dorn?
0
#Number of fisheries?
1
#Number of sexes?
1
#5year_Average_F(endyr-4,endyr_as_estimated_by_ADmodel)
0.0732953
#_Author_F_as_fraction_F_40%
1
#ABC SPR
0.4
#MSY SPR
0.35
#_Spawn_month
5
#_Number_of_ages
28
#_F_ratio(must_sum_to_one_only_one_fishery)
1
#_Natural_Mortality 2 3 4 5 6 7 8 9 10 11 12 13 14 15 16 17 18 19 20 21 22 23 24 25 26 27 28 29
 0.0863839 0.0863839 0.0863839 0.0863839 0.0863839 0.0863839 0.0863839 0.0863839 0.0863839 0.0863839 0.0863839 0.0863839 0.0863839 0.0863839 0.0863839 0.0863839 0.0863839 0.0863839 0.0863839 0.0863839 0.0863839 0.0863839 0.0863839 0.0863839 0.0863839 0.0863839 0.0863839 0.0863839
#_Maturity_divided_by_2(projection_program_uses_to_get_female_spawning_biomass_if_divide_by_2 2 3 4 5 6 7 8 9 10 11 12 13 14 15 16 17 18 19 20 21 22 23 24 25 26 27 28 29
 0.00657105 0.0127563 0.0246193 0.0469894 0.0878552 0.158356 0.268761 0.417919 0.583771 0.732603 0.842568 0.9127 0.953321 0.975547 0.987331 0.993474 0.996649 0.998282 0.99912 0.999549 0.999769 0.999882 0.999939 0.999969 0.999984 0.999992 0.999996 0.999998
#_Wt_at_age_spawners 2 3 4 5 6 7 8 9 10 11 12 13 14 15 16 17 18 19 20 21 22 23 24 25 26 27 28 29
 44.2 98.5 167.4 243.7 321.6 397 467.2 530.8 587.3 636.7 679.3 715.7 746.6 772.7 794.6 813 828.2 840.9 851.5 860.2 867.5 873.4 878.4 882.4 885.8 888.6 890.8 897.1
#_Wt_at_age_fishery 2 3 4 5 6 7 8 9 10 11 12 13 14 15 16 17 18 19 20 21 22 23 24 25 26 27 28 29
 44.2 98.5 167.4 243.7 321.6 397 467.2 530.8 587.3 636.7 679.3 715.7 746.6 772.7 794.6 813 828.2 840.9 851.5 860.2 867.5 873.4 878.4 882.4 885.8 888.6 890.8 897.1
#_Selectivity_fishery_scaled_to_max_at_one 2 3 4 5 6 7 8 9 10 11 12 13 14 15 16 17 18 19 20 21 22 23 24 25 26 27 28 29
 0.000880901 0.0109788 0.0427612 0.103452 0.192799 0.304645 0.429556 0.557238 0.678281 0.785176 0.872724 0.938027 0.980207 1 0.999311 0.980799 0.947518 0.902627 0.849184 0.789995 0.727532 0.663886 0.600764 0.5395 0.481092 0.426239 0.375387 0.328771
#_Numbers_at_age_end_year 2 3 4 5 6 7 8 9 10 11 12 13 14 15 16 17 18 19 20 21 22 23 24 25 26 27 28 29
 111.46 102.747 119.543 167.2 59.0798 70.1664 54.1723 59.0373 27.0085 50.1456 27.1895 53.5251 34.7566 38.7528 17.5899 19.1186 12.2858 23.5176 16.4951 26.0495 16.7222 24.0166 11.4641 8.61376 13.2452 11.257 4.7595 66.0391
#_N_recruitment_years
41
#_Recruitment_start_at_1977_yearclass=1979_for_age_2_recruits 1979 1980 1981 1982 1983 1984 1985 1986 1987 1988 1989 1990 1991 1992 1993 1994 1995 1996 1997 1998 1999 2000 2001 2002 2003 2004 2005 2006 2007 2008 2009 2010 2011 2012 2013 2014 2015 2016 2017 2018 2019
 71.1114 62.8235 64.8046 81.2152 83.4291 86.5559 122.678 183.254 170.152 263.639 205.233 160.923 79.8924 92.4378 95.0657 103.138 85.7723 184.939 197.672 116.485 140.253 265.528 166.884 234.214 133.193 169.773 78.8616 108.516 87.849 169.616 132.927 178.603 79.174 127.709 60.4169 116.716 95.3661 110.88 84.447 217.549 142.215
#_Spawners per recruitment (starting at 1977)
 56.134 53.2184 55.2662 56.9624 57.3922 57.8029 60.4402 64.5353 69.1578 74.9862 80.5247 85.3258 88.8877 91.9975 96.1213 105.007 116.539 132.225 149.66 165.644 178.615 187.822 193.888 196.792 198.722 200.58 203.24 207.864 213.575 220.574 227.554 235.139 242.569 248.309 250.628 251.079 249.257 247.172 242.996 238.712 232.669 225.812 217.8
