# Number of parameters = 180 Objective function value = 249.297839153155  Maximum gradient component = 8.86496172466245e-05
# log_mean_rec:
4.52532128997
# sigr:
0.707933459659
# a50:
2.50433168625
# delta:
5.02214156037
# a502:
6.27456902904
# delta2:
1.89401867276
# a503:
2.68675835595
# delta3:
8.19379050454
# a50_srv1:
4.60300206867
# delta_srv1:
4.85902286582
# log_q_srv1:
0.259027740462
# log_q_dev:
 0.0744686005803 0.0454310033487 -0.00469711875285 -0.0127121189437 -0.0524787531992 0.0564896332538 0.0253008491342 0.0529345363103 0.118810305501 0.169576738279 0.0976931999004 0.105400738647 0.0558536551736 0.0525372955917
# a50_srv2:
7.30000000000
# delta_srv2:
3.80000000000
# log_avg_F:
-2.64481996102
# log_F_devs:
 -0.756520363005 0.479646415594 1.07054591983 1.71985288170 2.25929387201 1.83214384861 1.46955274862 1.45251566152 1.26283390752 0.839535054353 1.41973528956 1.50566203184 1.29807321663 1.33388534764 1.50474063109 1.61801308399 1.15531051198 0.200739642008 0.225025136490 0.496258019521 0.488917818128 -0.187817849665 -0.896275226250 -0.999141990688 -2.31344649863 -1.37665523302 -0.719998336039 -0.120324531908 0.174349008822 0.239793212345 -0.532926171745 -0.658756356306 -1.95720419319 -2.22043944055 -1.20392037870 -0.727376852375 -0.658060709510 -0.753381307157 -0.594422763861 -0.612845468164 -0.529000946478 -0.430699009180 -0.505620084105 -0.443585853638 -0.499814700469 -0.344054768198 -0.610457048695 -0.677730082146 -0.662482689424 -0.492714457385 -0.591744920241 -0.543700361341 -0.660205778600 -0.356315712605 -0.282138650909 -0.0496597743297 0.0257703689816 0.103991283237 0.180563344822 0.221219226422 0.391468036127
# mat_a50:
9.49480977028
# mat_delta:
0.669595254094
# log_rec_dev:
 -0.224994557532 -0.240309504984 -0.253730406491 -0.266348123032 -0.279042569499 -0.292084887713 -0.303735610387 -0.314046336241 -0.323465297840 -0.330984279486 -0.334987849430 -0.334927451092 -0.329374721927 -0.316077657625 -0.292905096755 -0.257177507078 -0.206406951608 -0.139884448927 -0.0615324927220 0.0159161997280 0.0756228555784 0.121963869783 2.90518294818 0.312195106600 0.319781815734 2.92082678365 0.241492859553 0.427096441758 0.804350661145 0.462683167554 0.503657058290 1.16841496592 0.617496592352 0.0675980118885 -0.240342754910 -0.199951833276 -0.332576456904 -0.592669428421 -0.712263849909 -0.785175394255 -0.837371899866 -0.844500528616 -0.673042285151 -0.249378703915 -0.503232018006 -0.629729379587 -0.597993095378 -0.366501866987 -0.342593998311 -0.307810972655 0.0448274006616 0.444382752559 0.370683665448 0.807962631787 0.560616120270 0.321224346579 -0.380572076905 -0.225873336680 -0.198967571119 -0.108223900637 -0.299805683079 0.479676827653 0.548613965934 0.0175851600915 0.208751151835 0.856377740386 0.391013813014 0.743998912644 0.175195550023 0.443605005882 -0.345822527822 0.00980639629685 -0.217911505384 0.472172027246 0.211338447766 0.520992212968 -0.336048205002 0.172659752205 -0.623823337676 0.0723583340002 -0.148473089376 0.00770223286358 -0.291933047995 0.703324971968 0.257020907900 0.00615519325149 0.00261792534969
# log_q_srv2:
0.00000000000
# cv_cpue:
0.00000000000
# logm:
-2.50759617404
# mF50:
0.0738303327206
# mF40:
0.103846392980
# mF35:
0.123832606328
