#Species name here:
Model_1_goa_pop_2021.dat
#SSL Species?
0
#Constant buffer of Dorn?
0
#Number of fisheries?
1
#Number of sexes?
1
#5year_Average_F(endyr-4,endyr_as_estimated_by_ADmodel)
0.0860788
#_Author_F_as_fraction_F_40%
1
#ABC SPR
0.4
#MSY SPR
0.35
#_Spawn_month
5
#_Number_of_ages
28
#_F_ratio(must_sum_to_one_only_one_fishery)
1
#_Natural_Mortality 2 3 4 5 6 7 8 9 10 11 12 13 14 15 16 17 18 19 20 21 22 23 24 25 26 27 28 29
 0.0814638 0.0814638 0.0814638 0.0814638 0.0814638 0.0814638 0.0814638 0.0814638 0.0814638 0.0814638 0.0814638 0.0814638 0.0814638 0.0814638 0.0814638 0.0814638 0.0814638 0.0814638 0.0814638 0.0814638 0.0814638 0.0814638 0.0814638 0.0814638 0.0814638 0.0814638 0.0814638 0.0814638
#_Maturity_divided_by_2(projection_program_uses_to_get_female_spawning_biomass_if_divide_by_2 2 3 4 5 6 7 8 9 10 11 12 13 14 15 16 17 18 19 20 21 22 23 24 25 26 27 28 29
 0.00657105 0.0127563 0.0246193 0.0469894 0.0878553 0.158356 0.268761 0.417919 0.583771 0.732603 0.842568 0.9127 0.953321 0.975547 0.987331 0.993474 0.996649 0.998282 0.99912 0.999549 0.999769 0.999882 0.999939 0.999969 0.999984 0.999992 0.999996 0.999998
#_Wt_at_age_spawners 2 3 4 5 6 7 8 9 10 11 12 13 14 15 16 17 18 19 20 21 22 23 24 25 26 27 28 29
 44.2 98.5 167.4 243.7 321.6 397 467.2 530.8 587.3 636.7 679.3 715.7 746.6 772.7 794.6 813 828.2 840.9 851.5 860.2 867.5 873.4 878.4 882.4 885.8 888.6 890.8 897.1
#_Wt_at_age_fishery 2 3 4 5 6 7 8 9 10 11 12 13 14 15 16 17 18 19 20 21 22 23 24 25 26 27 28 29
 44.2 98.5 167.4 243.7 321.6 397 467.2 530.8 587.3 636.7 679.3 715.7 746.6 772.7 794.6 813 828.2 840.9 851.5 860.2 867.5 873.4 878.4 882.4 885.8 888.6 890.8 897.1
#_Selectivity_fishery_scaled_to_max_at_one 2 3 4 5 6 7 8 9 10 11 12 13 14 15 16 17 18 19 20 21 22 23 24 25 26 27 28 29
 0.000876397 0.0107595 0.0416504 0.100513 0.187227 0.296066 0.41814 0.543661 0.663582 0.770576 0.859458 0.927201 0.972704 0.99643 1 0.985807 0.956675 0.915582 0.865454 0.809017 0.748703 0.686603 0.624451 0.56363 0.505198 0.449925 0.398326 0.350707
#_Numbers_at_age_end_year 2 3 4 5 6 7 8 9 10 11 12 13 14 15 16 17 18 19 20 21 22 23 24 25 26 27 28 29
 92.5676 85.6214 101.33 145.413 49.1154 60.1258 46.2553 51.4024 22.6346 44.0224 23.0936 47.3377 30.1969 34.1239 14.9441 16.4559 10.166 19.8577 13.5496 21.464 13.573 19.495 9.21083 6.87672 10.5895 8.97594 3.75438 52.9536
#_N_recruitment_years
41
#_Recruitment_start_at_1977_yearclass=1979_for_age_2_recruits 1979 1980 1981 1982 1983 1984 1985 1986 1987 1988 1989 1990 1991 1992 1993 1994 1995 1996 1997 1998 1999 2000 2001 2002 2003 2004 2005 2006 2007 2008 2009 2010 2011 2012 2013 2014 2015 2016 2017 2018 2019
 55.8176 49.1852 50.7711 63.9959 65.5444 67.8643 96.5585 143.984 133.754 207.117 161.731 127.3 63.1018 73.6591 75.6679 82.8554 68.4098 149.157 159.802 93.9635 113.758 217.391 136.501 194.284 110.004 143.872 65.3331 93.2354 74.2479 148.042 114.053 155.448 65.9748 109.725 49.4765 99.2537 79.5868 93.0394 68.9505 186.54 119.384
#_Spawners per recruitment (starting at 1977)
 46.5352 42.8475 44.1428 45.1171 44.8516 44.5772 46.516 49.8779 53.7249 58.7427 63.4591 67.4152 70.047 72.0482 74.7859 81.9018 91.2355 104.341 119.01 132.341 143.085 150.713 155.858 158.328 160.074 161.77 164.128 168.259 173.318 179.569 185.752 192.582 199.447 204.975 207.529 208.666 207.886 207.033 204.165 201.15 196.321 190.619 183.72
