# Number of parameters = 165 Objective function value = 252.254198840682  Maximum gradient component = 8.96725034453931e-005
# log_mean_rec:
4.43924049619
# sigr:
0.771471732393
# a50:
2.52435615820
# delta:
5.09023177122
# a502:
6.29009863725
# delta2:
1.94090394074
# a503:
2.75785062412
# delta3:
8.95502769827
# a50_srv1:
5.39748272529
# delta_srv1:
5.72319542867
# a50_srv2:
7.30000000000
# delta_srv2:
3.80000000000
# log_avg_F:
-2.58152233943
# log_F_devs:
 -0.819015489518 0.426471098843 1.02436382881 1.67539094284 2.22646892783 1.80542401351 1.44382558835 1.42950390463 1.24259770150 0.821326105574 1.40764916960 1.50282855220 1.30512889547 1.35439984796 1.54748079260 1.69604778171 1.27630634157 0.340611408737 0.373953239094 0.659014153243 0.669616291893 0.00362038238648 -0.705090791274 -0.812551074630 -2.13454671795 -1.20527870432 -0.552948082779 0.0470946324268 0.346173421062 0.413648479863 -0.362180610523 -0.498789431335 -1.81173277606 -2.09107704839 -1.08813815926 -0.621514577790 -0.564765436858 -0.672578302119 -0.525564679357 -0.555546087730 -0.483405961961 -0.397232903032 -0.487843453901 -0.441457738951 -0.516336353196 -0.381174789661 -0.637392006510 -0.725622082893 -0.733944465651 -0.589140517828 -0.713892601672 -0.693283539443 -0.837349979703 -0.564665919815 -0.520998054434 -0.322832014352 -0.282402663063 -0.240697135703 -0.197657198241 -0.193218778026 -0.0570781008913
# mat_a50:
9.49480976516
# mat_delta:
0.669595274000
# log_rec_dev:
 -0.291030795101 -0.308320947563 -0.323199051978 -0.337031463126 -0.350836317114 -0.364921477561 -0.377271957342 -0.388059642707 -0.397762264896 -0.405270133570 -0.408870861492 -0.407967941196 -0.401025939443 -0.385626224697 -0.359439325533 -0.319499426144 -0.262948495379 -0.188713973536 -0.100684351167 -0.0127329206141 0.0557109620119 0.108287336074 2.93844495591 0.324637980021 0.334986733978 2.95809855808 0.230614343102 0.428468892551 0.865195870841 0.452742414589 0.495808753725 1.19256862037 0.611518312559 0.0428406764033 -0.282055106384 -0.243691375932 -0.409826347512 -0.706466463514 -0.849003395121 -0.939134327325 -1.00375833458 -1.01843778509 -0.842522707967 -0.396149707487 -0.664587213419 -0.791255179386 -0.753596101662 -0.506461951941 -0.478040464277 -0.435963179636 -0.0646864936812 0.343022494202 0.275231001466 0.721864357092 0.481203940585 0.251712983772 -0.448756136678 -0.269608317038 -0.243693628272 -0.121730272589 -0.328180561516 0.491826684139 0.583799556816 0.0543948934209 0.269146106089 0.978200784025 0.502402950630 0.929832866487 0.325103396646 0.703069123766 -0.189471282061 0.315462085569 0.0137594698155 0.852963740830 0.532899853908 0.972736124238 -0.0734190830318 0.660724024915 -0.376398196044 0.558870818362 0.210376668113 0.381953463506 -0.117010872213 1.06407425506 0.394229845755 0.00915100142356 0.00345711937030
# log_q_srv1:
0.599553366863
# log_q_srv2:
0.00000000000
# cv_cpue:
0.00000000000
# logm:
-2.58571303762
# mF50:
0.0706043966004
# mF40:
0.100363361371
# mF35:
0.120454033536
