# Number of parameters = 169 Objective function value = 263.155836053711  Maximum gradient component = 2.62071673357649e-05
# log_mean_rec:
7.08086629258
# sigr:
0.455602357048
# a50:
2.65765171706
# delta:
5.61708935013
# a502:
6.31217649921
# delta2:
1.77076746781
# a503:
3.30260560284
# delta3:
16.0030236803
# a50_srv1:
11.3766615920
# delta_srv1:
8.82057049606
# a50_srv2:
7.30000000000
# delta_srv2:
3.80000000000
# log_avg_F:
-3.87973236289
# log_F_devs:
 -0.357580979507 1.01282772793 1.72314267905 2.29823889569 2.67851037637 2.13392452094 1.64767198489 1.51564661860 1.23530269782 0.762357271869 1.29364607371 1.28488549820 0.968514042626 0.890472213517 0.916500540192 0.853341388262 0.318495445862 -0.659624009911 -0.608540767036 -0.323301530527 -0.324634532571 -0.967183524915 -1.60504079531 -1.62582456055 -2.85535406586 -1.84063018768 -1.12266569456 -0.483228094279 -0.169996940912 -0.0952671469512 -0.850943003786 -0.946157704596 -2.20766782296 -2.42476413557 -1.36294312080 -0.735464943579 -0.653091982607 -0.739551922741 -0.576703186155 -0.593394558125 -0.510668199797 -0.415822258563 -0.495453181477 -0.441492714325 -0.510291953744 -0.370310294957 0.0297224768296 -0.0436014200698 -0.0353556995732 0.121437335829 0.00752019674311 0.0382388084743 -0.0962976274536 0.187352769722 0.239049886073 0.442754524475 0.483742657147 0.525412831236 0.566079444904 0.567262632912 0.723157694680 0.764144076282 0.819493255460
# mat_a50:
9.49480978545
# mat_delta:
0.669595260786
# log_rec_dev:
 -0.0428431706047 -0.0513617229517 -0.0610331020999 -0.0719882193350 -0.0845817740785 -0.0991451141757 -0.115453248338 -0.133388221364 -0.153398018136 -0.175163888552 -0.197871259350 -0.221199208876 -0.244214798010 -0.265214308676 -0.282408827124 -0.293158826565 -0.294117931975 -0.281082102025 -0.248420183640 -0.187862598044 -0.0828483794549 0.108222221421 0.448025062736 0.660467682095 0.640962692654 1.18256676745 0.282706136221 -0.0689581196623 -0.114297898223 -0.103087046634 0.0749850623578 0.330263103403 0.179288342498 -0.138420969608 -0.317922351040 -0.284844227979 -0.285178175124 -0.383072763662 -0.457991563829 -0.522774015103 -0.575197980583 -0.594486040412 -0.504718762057 -0.320201787064 -0.452017825930 -0.539604731987 -0.524979960699 -0.399527113958 -0.368748438082 -0.298260277697 -0.00650067249272 0.342487704612 0.314188236823 0.664792069725 0.421144979462 0.126218490902 -0.304443513511 -0.297224710729 -0.291264093395 -0.175469212179 -0.245374213653 0.362701086422 0.470456721636 0.0629012469039 0.217547030235 0.850320964262 0.467037814955 0.778012248489 0.297000564327 0.520447108122 -0.101837670715 0.146352100072 -0.0139920963408 0.563298923368 0.366773581544 0.664919454718 0.00640847284924 0.438998321591 -0.119019576575 0.412991488233 0.159015266456 0.0851896070581 -0.227765101293 0.331551990039 0.0821335934769 -0.100063350846 -0.129637388839 0.00458906668816 0.00239539936420
# log_q_srv1:
-0.114959692759
# log_q_srv2:
0.00000000000
# cv_cpue:
0.00000000000
# logm:
-1.66073120682
# mF50:
0.418035167842
# mF40:
0.653539585031
# mF35:
0.823883804022
