#Species name here:
Model_1_goa_pop_2023.dat
#SSL Species?
0
#Constant buffer of Dorn?
0
#Number of fisheries?
1
#Number of sexes?
1
#5year_Average_F(endyr-4,endyr_as_estimated_by_ADmodel)
0.0413219
#_Author_F_as_fraction_F_40%
1
#ABC SPR
0.4
#MSY SPR
0.35
#_Spawn_month
5
#_Number_of_ages
28
#_F_ratio(must_sum_to_one_only_one_fishery)
1
#_Natural_Mortality 2 3 4 5 6 7 8 9 10 11 12 13 14 15 16 17 18 19 20 21 22 23 24 25 26 27 28 29
 0.19 0.19 0.19 0.19 0.19 0.19 0.19 0.19 0.19 0.19 0.19 0.19 0.19 0.19 0.19 0.19 0.19 0.19 0.19 0.19 0.19 0.19 0.19 0.19 0.19 0.19 0.19 0.19
#_Maturity_divided_by_2(projection_program_uses_to_get_female_spawning_biomass_if_divide_by_2 2 3 4 5 6 7 8 9 10 11 12 13 14 15 16 17 18 19 20 21 22 23 24 25 26 27 28 29
 0.00657105 0.0127563 0.0246193 0.0469894 0.0878553 0.158356 0.268761 0.417919 0.583771 0.732603 0.842568 0.9127 0.953321 0.975547 0.987331 0.993474 0.996649 0.998282 0.99912 0.999549 0.999769 0.999882 0.999939 0.999969 0.999984 0.999992 0.999996 0.999998
#_Wt_at_age_spawners 2 3 4 5 6 7 8 9 10 11 12 13 14 15 16 17 18 19 20 21 22 23 24 25 26 27 28 29
 44.3 98.3 166.7 242.5 320 395 464.9 528.2 584.5 633.8 676.3 712.7 743.6 769.7 791.7 810 825.4 838.1 848.7 857.5 864.7 870.8 875.7 879.8 883.2 886 888.3 894.6
#_Wt_at_age_fishery 2 3 4 5 6 7 8 9 10 11 12 13 14 15 16 17 18 19 20 21 22 23 24 25 26 27 28 29
 44.3 98.3 166.7 242.5 320 395 464.9 528.2 584.5 633.8 676.3 712.7 743.6 769.7 791.7 810 825.4 838.1 848.7 857.5 864.7 870.8 875.7 879.8 883.2 886 888.3 894.6
#_Selectivity_fishery_scaled_to_max_at_one 2 3 4 5 6 7 8 9 10 11 12 13 14 15 16 17 18 19 20 21 22 23 24 25 26 27 28 29
 0.000186228 0.00207283 0.00802404 0.020157 0.0399538 0.0681714 0.104889 0.149617 0.20143 0.259095 0.321195 0.386232 0.452706 0.519184 0.584347 0.647021 0.706196 0.761037 0.810882 0.855237 0.893767 0.926281 0.952716 0.973121 0.987644 0.996507 1 0.998461
#_Numbers_at_age_end_year 2 3 4 5 6 7 8 9 10 11 12 13 14 15 16 17 18 19 20 21 22 23 24 25 26 27 28 29
 1191.85 987.767 714.176 608.108 602.858 638.687 301.049 338.985 300.005 317.306 152.609 217.849 115.241 181.151 109.194 107.759 48.9785 46.4912 29.3016 44.0711 28.4391 37.1063 21.9195 25.9115 11.0824 7.64202 9.24393 25.2516
#_N_recruitment_years
43
#_Recruitment_start_at_1977_yearclass=1979_for_age_2_recruits 1979 1980 1981 1982 1983 1984 1985 1986 1987 1988 1989 1990 1991 1992 1993 1994 1995 1996 1997 1998 1999 2000 2001 2002 2003 2004 2005 2006 2007 2008 2009 2010 2011 2012 2013 2014 2015 2016 2017 2018 2019 2020 2021
 756.61 693.16 703.372 797.386 822.31 882.365 1181.29 1674.64 1627.91 2311.51 1811.68 1348.95 876.926 883.279 888.56 997.645 930.286 1708.84 1903.26 1266.19 1477.95 2782.73 1896.76 2588.62 1600.17 2000.82 1073.87 1376.39 1172.48 2088.42 1715.81 2311.81 1196.64 1844.32 1055.58 1796.97 1393.93 1294.73 946.813 1656.43 1290.78 1075.78 1044.43
#_Spawners per recruitment (starting at 1977)
 382.481 376.795 374.344 369.908 363.136 355.973 351.238 348.527 347.085 347.572 348.573 350.409 353.85 361.196 375.196 400.065 432.882 472.431 511.972 543.73 562.893 568.849 565.274 556.876 550.276 549.722 557.564 574.701 598.816 628.845 661.995 696.066 726.298 747.761 757.413 758.168 752.908 747.686 743.497 742.546 741.132 737.655 730.17 718.721 704.752
