# Number of parameters = 169 Objective function value = 277.964977027037  Maximum gradient component = 0.256033723735024
# log_mean_rec:
9.41319638545
# sigr:
0.364466311429
# a50:
2.82105054831
# delta:
6.61313763800
# a502:
6.45352355012
# delta2:
1.79820879037
# a503:
3.27702604849
# delta3:
13.5250745514
# a50_srv1:
18.6497835446
# delta_srv1:
10.0369674067
# a50_srv2:
7.30000000000
# delta_srv2:
3.80000000000
# log_avg_F:
-5.24638032967
# log_F_devs:
 -0.479343001844 0.890517091859 1.57940574411 2.08933172479 2.36550276080 1.74348188092 1.21398294936 1.06289958622 0.782520855778 0.332490613448 0.887976299049 0.892725049465 0.590848729270 0.528820530156 0.568493110359 0.518160977801 0.0933809141047 -0.857862106048 -0.781889318358 -0.480058129760 -0.471765467390 -1.10709191812 -1.73909634623 -1.75651504587 -2.98226551105 -1.96360510154 -1.24287572731 -0.602928636431 -0.290192699126 -0.212749941773 -0.963038240222 -1.05090234104 -2.30244009719 -2.50595560904 -1.42558942380 -0.544089575915 -0.453981469579 -0.537020223574 -0.374667961372 -0.394614868627 -0.316443779540 -0.226425771936 -0.308133389812 -0.254795532350 -0.321066983863 -0.175570202058 0.298559062344 0.225237700384 0.237330743977 0.400745594484 0.296041031878 0.339175292597 0.217530354095 0.516419035703 0.580123484164 0.795537835725 0.843557488196 0.893286248757 0.939317038052 0.946526641257 1.10503222448 1.14787786398 1.20239121263
# mat_a50:
9.52915752879
# mat_delta:
0.682604296757
# log_rec_dev:
 -0.00604279565346 -0.00838325444582 -0.0106306150231 -0.0138663035938 -0.0177148248354 -0.0225859660372 -0.0286408595615 -0.0364218077330 -0.0460411920283 -0.0574556121321 -0.0709520399520 -0.0866108288932 -0.105101327670 -0.123874619280 -0.143612594728 -0.162284086338 -0.177646110328 -0.186906598084 -0.185807345485 -0.168172302576 -0.120215709395 -0.0126402198269 0.172747361532 0.327248995686 0.508863857629 0.830836907429 0.277936318169 -0.0363188894116 -0.0943170854326 -0.0826080313729 0.0718953101937 0.239490486549 0.111608251428 -0.142384051880 -0.285801124785 -0.278258825570 -0.278710581539 -0.324114216415 -0.358017662178 -0.395287606244 -0.425533883722 -0.430198727142 -0.352771480170 -0.215493035691 -0.309599951990 -0.380216670017 -0.381541178289 -0.305852264953 -0.299837411829 -0.256893057235 -0.0194096427928 0.281716421650 0.299351697483 0.607710538598 0.380165474619 0.0857255926708 -0.234852647061 -0.263023307575 -0.262559224957 -0.134292658105 -0.165677586064 0.326490352750 0.466036578891 0.0953574234134 0.198312772196 0.781019645080 0.437482659371 0.642077854574 0.231471941019 0.374393041666 -0.127776324189 0.0346505438762 -0.0767034088373 0.391318915179 0.248576011398 0.451442338359 -0.0494879613656 0.230815924509 -0.160931539961 0.206591627244 0.0182658408573 -0.0281345975546 -0.251721847801 0.154081285543 -0.0254882562090 -0.108208034253 -0.138796529159 0.00616381386280 0.00298914303241
# log_q_srv1:
-0.237080325995
# log_q_srv2:
0.00000000000
# cv_cpue:
0.00000000000
# logm:
-1.30933331998
# mF50:
0.999855233511
# mF40:
0.999999881664
# mF35:
0.999999940688
