#Species name here:
Model_1_goa_pop_2023.dat
#SSL Species?
0
#Constant buffer of Dorn?
0
#Number of fisheries?
1
#Number of sexes?
1
#5year_Average_F(endyr-4,endyr_as_estimated_by_ADmodel)
0.015414
#_Author_F_as_fraction_F_40%
1
#ABC SPR
0.4
#MSY SPR
0.35
#_Spawn_month
5
#_Number_of_ages
28
#_F_ratio(must_sum_to_one_only_one_fishery)
1
#_Natural_Mortality 2 3 4 5 6 7 8 9 10 11 12 13 14 15 16 17 18 19 20 21 22 23 24 25 26 27 28 29
 0.27 0.27 0.27 0.27 0.27 0.27 0.27 0.27 0.27 0.27 0.27 0.27 0.27 0.27 0.27 0.27 0.27 0.27 0.27 0.27 0.27 0.27 0.27 0.27 0.27 0.27 0.27 0.27
#_Maturity_divided_by_2(projection_program_uses_to_get_female_spawning_biomass_if_divide_by_2 2 3 4 5 6 7 8 9 10 11 12 13 14 15 16 17 18 19 20 21 22 23 24 25 26 27 28 29
 0.00582685 0.0114661 0.0224397 0.0434541 0.0824876 0.151047 0.260416 0.410668 0.579665 0.731845 0.843778 0.914449 0.954861 0.97667 0.988074 0.993938 0.996928 0.998445 0.999214 0.999603 0.999799 0.999898 0.999949 0.999974 0.999987 0.999993 0.999997 0.999998
#_Wt_at_age_spawners 2 3 4 5 6 7 8 9 10 11 12 13 14 15 16 17 18 19 20 21 22 23 24 25 26 27 28 29
 44.3 98.3 166.7 242.5 320 395 464.9 528.2 584.5 633.8 676.3 712.7 743.6 769.7 791.7 810 825.4 838.1 848.7 857.5 864.7 870.8 875.7 879.8 883.2 886 888.3 894.6
#_Wt_at_age_fishery 2 3 4 5 6 7 8 9 10 11 12 13 14 15 16 17 18 19 20 21 22 23 24 25 26 27 28 29
 44.3 98.3 166.7 242.5 320 395 464.9 528.2 584.5 633.8 676.3 712.7 743.6 769.7 791.7 810 825.4 838.1 848.7 857.5 864.7 870.8 875.7 879.8 883.2 886 888.3 894.6
#_Selectivity_fishery_scaled_to_max_at_one 2 3 4 5 6 7 8 9 10 11 12 13 14 15 16 17 18 19 20 21 22 23 24 25 26 27 28 29
 2.06204e-05 0.00043764 0.00242967 0.00778994 0.0184871 0.0362712 0.0624059 0.097532 0.14164 0.194124 0.253878 0.319426 0.389052 0.460926 0.533212 0.604158 0.672169 0.735849 0.794038 0.84582 0.890528 0.92773 0.957212 0.978959 0.993123 1 1 0.993622
#_Numbers_at_age_end_year 2 3 4 5 6 7 8 9 10 11 12 13 14 15 16 17 18 19 20 21 22 23 24 25 26 27 28 29
 12285.6 9408.42 6212.96 4889.97 4054.3 3702.66 1882.65 1795.53 1433.64 1318.41 694.933 782.047 449.045 562.685 348.523 304.764 144.593 122.377 78.7316 98.4189 64.5287 73.582 45.3523 48.3606 20.4247 13.939 15.2787 31.122
#_N_recruitment_years
43
#_Recruitment_start_at_1977_yearclass=1979_for_age_2_recruits 1979 1980 1981 1982 1983 1984 1985 1986 1987 1988 1989 1990 1991 1992 1993 1994 1995 1996 1997 1998 1999 2000 2001 2002 2003 2004 2005 2006 2007 2008 2009 2010 2011 2012 2013 2014 2015 2016 2017 2018 2019 2020 2021
 8987.56 8374.78 8363.69 9021.3 9075.73 9473.97 12013.5 16234.8 16523.7 22491.8 17914.4 13345.3 9685.1 9416.07 9420.44 10709.7 10378.8 16978.2 19520.7 13474.5 14935.7 26748 18971.2 23278.2 15439.3 17811.3 10779.7 12680.8 11344.6 18115.4 15705.6 19237.9 11657.5 15429.1 10428.2 15059.9 12474.8 11909.1 9523.09 14289.5 11940.7 10992.7 10661.6
#_Spawners per recruitment (starting at 1977)
 2088.86 2001.93 1924.55 1853.89 1790.97 1738.74 1700.57 1675.68 1661.42 1655.65 1655.56 1664.05 1687.12 1733.59 1811.84 1928.03 2074.01 2233.44 2376.81 2474.05 2508.44 2485.36 2429.8 2373.3 2343.52 2357.41 2418.4 2519.41 2645.13 2784.14 2923.27 3045.23 3126.98 3154.17 3126.77 3062.79 2985.21 2918.73 2872.76 2845.35 2820.5 2786.04 2736.41 2675.01 2608.43
