# Number of parameters = 170 Objective function value = 261.993647900770  Maximum gradient component = 8.26741619924649e-05
# log_mean_rec:
4.45355813170
# sigr:
0.756522341380
# a50:
2.52293629189
# delta:
5.02634474516
# a502:
6.29816868358
# delta2:
1.95739656596
# a503:
2.75271226675
# delta3:
8.94561239984
# a50_srv1:
5.45125833776
# delta_srv1:
5.76110983977
# a50_srv2:
7.30000000000
# delta_srv2:
3.80000000000
# log_avg_F:
-2.59705806622
# log_F_devs:
 -0.813320313042 0.437959266712 1.04050068355 1.69168032210 2.24407913031 1.82383846096 1.46078759365 1.44576435350 1.25877407907 0.837027155618 1.42325787536 1.51874630551 1.32054947669 1.36835447380 1.55945497734 1.70544392495 1.28463056157 0.346328639309 0.377415449898 0.659861821577 0.667544022934 -0.000553410566637 -0.709751966306 -0.816919074437 -2.13858281436 -1.20888957806 -0.556099610430 0.0443465401386 0.343272891221 0.409971274958 -0.366194435062 -0.501944481964 -1.81271943561 -2.08902136469 -1.08430795766 -0.613786912536 -0.556641954719 -0.664163090868 -0.516884264349 -0.546875962694 -0.475769473774 -0.390693788466 -0.482582969705 -0.438348102261 -0.515552863359 -0.382909237628 -0.654234916315 -0.744301242843 -0.754070884325 -0.610621434572 -0.736270928023 -0.716030906040 -0.859957043637 -0.586728168571 -0.542449242118 -0.343705720823 -0.303251804441 -0.261539671197 -0.218640495001 -0.213454764295 -0.0494018771495 -0.000104315407404 0.00768391533912
# mat_a50:
9.49480977784
# mat_delta:
0.669595228421
# log_rec_dev:
 -0.287212873825 -0.304306074264 -0.319065813950 -0.332814864252 -0.346539644436 -0.360549856957 -0.372875921951 -0.383662880399 -0.393415277562 -0.401035114245 -0.404851467796 -0.404258324304 -0.397777093767 -0.383021691968 -0.357742166926 -0.319007165769 -0.264061913638 -0.191749418699 -0.105633199028 -0.0185765051356 0.0514457492550 0.107691452848 2.91944244204 0.327169789614 0.335900370967 2.94715945912 0.226983215254 0.424855247748 0.848714422106 0.451257799499 0.492196287675 1.17989430726 0.598114429585 0.0429243143137 -0.276830832575 -0.248877958565 -0.411916527154 -0.697704751908 -0.837705701365 -0.927255843937 -0.990918862120 -1.00406655372 -0.830621299369 -0.397671435567 -0.656654512955 -0.782007278943 -0.746029491638 -0.506081168929 -0.487571733992 -0.419839945785 -0.0509283155716 0.359568292394 0.274570259506 0.705676147469 0.467503361135 0.243457488157 -0.421899427880 -0.258275713535 -0.258956543178 -0.102257972420 -0.324410394732 0.531525628442 0.585909913482 0.0721289500884 0.300797179127 0.994980564343 0.517124601918 0.957807690594 0.346267749367 0.736759739005 -0.165615264667 0.337360089134 0.0268460639557 0.830684900769 0.516675249832 0.963154547734 -0.0391836272091 0.715110259522 -0.263799769704 0.573474299478 0.226980537123 0.246326420712 -0.261127724397 0.872270602186 0.452568276338 -0.0569031742399 -0.137295308304 1.62085866506e-07 5.74564200662e-08
# log_q_srv1:
0.570409010381
# log_q_srv2:
0.00000000000
# cv_cpue:
0.00000000000
# logm:
-2.58698205614
# mF50:
0.0701752843948
# mF40:
0.0996380747768
# mF35:
0.119494053151
