#Species name here:
Model_1_goa_pop_2023.dat
#SSL Species?
0
#Constant buffer of Dorn?
0
#Number of fisheries?
1
#Number of sexes?
1
#5year_Average_F(endyr-4,endyr_as_estimated_by_ADmodel)
0.0636672
#_Author_F_as_fraction_F_40%
1
#ABC SPR
0.4
#MSY SPR
0.35
#_Spawn_month
5
#_Number_of_ages
28
#_F_ratio(must_sum_to_one_only_one_fishery)
1
#_Natural_Mortality 2 3 4 5 6 7 8 9 10 11 12 13 14 15 16 17 18 19 20 21 22 23 24 25 26 27 28 29
 0.0743451 0.0743451 0.0743451 0.0743451 0.0743451 0.0743451 0.0743451 0.0743451 0.0743451 0.0743451 0.0743451 0.0743451 0.0743451 0.0743451 0.0743451 0.0743451 0.0743451 0.0743451 0.0743451 0.0743451 0.0743451 0.0743451 0.0743451 0.0743451 0.0743451 0.0743451 0.0743451 0.0743451
#_Maturity_divided_by_2(projection_program_uses_to_get_female_spawning_biomass_if_divide_by_2 2 3 4 5 6 7 8 9 10 11 12 13 14 15 16 17 18 19 20 21 22 23 24 25 26 27 28 29
 0.00657105 0.0127563 0.0246193 0.0469894 0.0878553 0.158356 0.268761 0.417919 0.583771 0.732603 0.842568 0.9127 0.953321 0.975547 0.987331 0.993474 0.996649 0.998282 0.99912 0.999549 0.999769 0.999882 0.999939 0.999969 0.999984 0.999992 0.999996 0.999998
#_Wt_at_age_spawners 2 3 4 5 6 7 8 9 10 11 12 13 14 15 16 17 18 19 20 21 22 23 24 25 26 27 28 29
 44.3 98.3 166.7 242.5 320 395 464.9 528.2 584.5 633.8 676.3 712.7 743.6 769.7 791.7 810 825.4 838.1 848.7 857.5 864.7 870.8 875.7 879.8 883.2 886 888.3 894.6
#_Wt_at_age_fishery 2 3 4 5 6 7 8 9 10 11 12 13 14 15 16 17 18 19 20 21 22 23 24 25 26 27 28 29
 44.3 98.3 166.7 242.5 320 395 464.9 528.2 584.5 633.8 676.3 712.7 743.6 769.7 791.7 810 825.4 838.1 848.7 857.5 864.7 870.8 875.7 879.8 883.2 886 888.3 894.6
#_Selectivity_fishery_scaled_to_max_at_one 2 3 4 5 6 7 8 9 10 11 12 13 14 15 16 17 18 19 20 21 22 23 24 25 26 27 28 29
 0.00110266 0.0111735 0.0394741 0.0905894 0.164127 0.256062 0.360329 0.470168 0.579103 0.68155 0.77313 0.850758 0.912588 0.957862 0.986721 1 0.999033 0.985476 0.961158 0.927964 0.887739 0.842226 0.793016 0.741525 0.688977 0.63641 0.584675 0.534451
#_Numbers_at_age_end_year 2 3 4 5 6 7 8 9 10 11 12 13 14 15 16 17 18 19 20 21 22 23 24 25 26 27 28 29
 85.7329 79.7073 63.8624 62.5999 95.3528 132.101 40.2086 65.6869 62.5276 81.7216 27.8479 66.4466 26.48 63.783 35.8058 43.6495 17.6731 22.0038 11.7021 26.4084 15.9076 26.7182 15.274 22.4831 10.0295 7.14885 10.7584 55.4242
#_N_recruitment_years
43
#_Recruitment_start_at_1977_yearclass=1979_for_age_2_recruits 1979 1980 1981 1982 1983 1984 1985 1986 1987 1988 1989 1990 1991 1992 1993 1994 1995 1996 1997 1998 1999 2000 2001 2002 2003 2004 2005 2006 2007 2008 2009 2010 2011 2012 2013 2014 2015 2016 2017 2018 2019 2020 2021
 44.0088 38.8236 40.2975 51.4015 52.396 56.122 81.4501 122.928 112.578 174.933 136.35 110.137 56.2973 66.6484 66.599 78.3491 62.4538 148.481 157.653 94.3215 119.18 240.909 147.758 233.438 125.394 187.329 74.4341 125.041 89.4435 196.263 142.777 225.338 82.8871 184.502 68.7649 180.141 123.65 117.206 65.1352 195.47 129.601 78.516 74.1626
#_Spawners per recruitment (starting at 1977)
 39.8334 35.6618 36.4947 37.0042 36.2563 35.4757 36.8913 39.6989 42.9602 47.3848 51.5249 54.9288 57.0049 58.4146 60.5131 66.8919 75.381 87.5567 101.324 113.944 124.312 132.04 137.773 141.244 144.338 147.717 152.12 158.739 166.801 176.68 187.215 199.106 211.673 223.32 232.13 239.418 244.606 249.637 252.79 256.088 257.887 258.984 258.818 257.273 254.98
