# Number of parameters = 166 Objective function value = 297.093524001432  Maximum gradient component = 7.63909332488886e-005
# log_mean_rec:
4.31110182675
# sigr:
0.936567459105
# a50:
2.56145742326
# delta:
5.23365069249
# a502:
6.32463093676
# delta2:
2.01623319298
# a503:
2.92878817869
# delta3:
10.7684462922
# a50_srv1:
6.85258414343
# delta_srv1:
6.77607897912
# a50_srv2:
7.30000000000
# delta_srv2:
3.80000000000
# log_avg_F:
-2.44245439466
# log_F_devs:
 -0.921155869721 0.322926165092 0.916050690636 1.56084346014 2.12407753977 1.71081526111 1.34851846646 1.33583997448 1.14998306846 0.730496626487 1.32397968764 1.42728273834 1.23792467323 1.30129664444 1.52015264073 1.71285358101 1.35747123369 0.456460466072 0.512703614762 0.831507333411 0.887274241611 0.255473931303 -0.443420651020 -0.553353643621 -1.88505885775 -0.966941822944 -0.320575453992 0.281602819875 0.591121537843 0.652489243163 -0.121226854077 -0.277474419383 -1.61018034241 -1.91573889977 -0.931597441855 -0.451772991978 -0.408979255743 -0.532231758912 -0.414049439703 -0.457242993577 -0.395929064584 -0.325167915236 -0.436727572806 -0.413000118447 -0.511247114300 -0.405911103482 -0.563496525495 -0.681247532385 -0.727571926883 -0.620631265911 -0.788484372088 -0.812299437665 -1.00056431004 -0.779513793913 -0.788011383247 -0.646401477626 -0.663023643836 -0.680015483656 -0.691216624819 -0.743634783533 -0.664050293269
# mat_a50:
9.49480975686
# mat_delta:
0.669595268101
# log_rec_dev:
 -0.411240193849 -0.431557277477 -0.448338556506 -0.463602394077 -0.478691179607 -0.493948181201 -0.506884991905 -0.517778126565 -0.527169899832 -0.533753159077 -0.535489040553 -0.531676996840 -0.520456030713 -0.498954472126 -0.464258120806 -0.412602700043 -0.340163786480 -0.245183034969 -0.132607605586 -0.0227075098412 0.0530762657063 0.0969236076397 3.04268575108 0.342493959813 0.371006655032 3.04053213897 0.209909980324 0.423955079070 1.02986655882 0.436248459510 0.500972296310 1.28715118685 0.645448394725 0.0437640630146 -0.312228664581 -0.238023912538 -0.467656183416 -0.854273773740 -1.05025570201 -1.17981632805 -1.27057745385 -1.30001877785 -1.10712768980 -0.558423853313 -0.888738138660 -1.01506810273 -0.962549573723 -0.664055017442 -0.632741372848 -0.588573830616 -0.182956762934 0.232510957067 0.154272013905 0.608424432901 0.351184525353 0.135823549439 -0.602289423359 -0.361420460573 -0.338153281910 -0.156588664738 -0.394510045534 0.515442951228 0.635795624309 0.104385953988 0.356395648714 1.13666923217 0.648052116898 1.18079556235 0.528929092894 1.09861952973 0.00986114138266 0.840306536526 0.368888068035 1.51059841071 1.06576600379 1.77127329133 0.248071658816 1.54556631536 -0.113084338181 1.44710831087 0.768759114731 1.07941712020 0.0925477620431 1.82208754891 0.664785980658 0.00494765432317 0.00194948932611
# log_q_srv1:
0.784673142787
# log_q_srv2:
0.00000000000
# cv_cpue:
0.00000000000
# logm:
-2.67479516044
# mF50:
0.0706569143596
# mF40:
0.103820039989
# mF35:
0.127124215378
