#Species name here:
Model_1_goa_pop_2021.dat
#SSL Species?
0
#Constant buffer of Dorn?
0
#Number of fisheries?
1
#Number of sexes?
1
#5year_Average_F(endyr-4,endyr_as_estimated_by_ADmodel)
0.0436999
#_Author_F_as_fraction_F_40%
1
#ABC SPR
0.4
#MSY SPR
0.35
#_Spawn_month
5
#_Number_of_ages
28
#_F_ratio(must_sum_to_one_only_one_fishery)
1
#_Natural_Mortality 2 3 4 5 6 7 8 9 10 11 12 13 14 15 16 17 18 19 20 21 22 23 24 25 26 27 28 29
 0.0689209 0.0689209 0.0689209 0.0689209 0.0689209 0.0689209 0.0689209 0.0689209 0.0689209 0.0689209 0.0689209 0.0689209 0.0689209 0.0689209 0.0689209 0.0689209 0.0689209 0.0689209 0.0689209 0.0689209 0.0689209 0.0689209 0.0689209 0.0689209 0.0689209 0.0689209 0.0689209 0.0689209
#_Maturity_divided_by_2(projection_program_uses_to_get_female_spawning_biomass_if_divide_by_2 2 3 4 5 6 7 8 9 10 11 12 13 14 15 16 17 18 19 20 21 22 23 24 25 26 27 28 29
 0.00657105 0.0127563 0.0246193 0.0469894 0.0878553 0.158356 0.268761 0.417919 0.583771 0.732603 0.842568 0.9127 0.953321 0.975547 0.987331 0.993474 0.996649 0.998282 0.99912 0.999549 0.999769 0.999882 0.999939 0.999969 0.999984 0.999992 0.999996 0.999998
#_Wt_at_age_spawners 2 3 4 5 6 7 8 9 10 11 12 13 14 15 16 17 18 19 20 21 22 23 24 25 26 27 28 29
 44.2 98.5 167.4 243.7 321.6 397 467.2 530.8 587.3 636.7 679.3 715.7 746.6 772.7 794.6 813 828.2 840.9 851.5 860.2 867.5 873.4 878.4 882.4 885.8 888.6 890.8 897.1
#_Wt_at_age_fishery 2 3 4 5 6 7 8 9 10 11 12 13 14 15 16 17 18 19 20 21 22 23 24 25 26 27 28 29
 44.2 98.5 167.4 243.7 321.6 397 467.2 530.8 587.3 636.7 679.3 715.7 746.6 772.7 794.6 813 828.2 840.9 851.5 860.2 867.5 873.4 878.4 882.4 885.8 888.6 890.8 897.1
#_Selectivity_fishery_scaled_to_max_at_one 2 3 4 5 6 7 8 9 10 11 12 13 14 15 16 17 18 19 20 21 22 23 24 25 26 27 28 29
 0.00052585 0.0060135 0.0229861 0.0560981 0.107069 0.174921 0.256695 0.348241 0.444928 0.542187 0.635889 0.722577 0.799573 0.864996 0.917716 0.957267 0.983746 0.997696 1 0.991774 0.974281 0.948855 0.916841 0.879545 0.8382 0.79394 0.747789 0.700647
#_Numbers_at_age_end_year 2 3 4 5 6 7 8 9 10 11 12 13 14 15 16 17 18 19 20 21 22 23 24 25 26 27 28 29
 74.668 69.9029 126.188 374.35 61.8281 154.121 104.653 190.376 36.7762 176.877 44.0756 183.703 82.1583 115.739 33.2799 47.9243 18.7455 49.9285 25.3039 43.4396 22.748 32.9534 13.3615 9.15036 13.6776 10.6455 3.76803 38.9849
#_N_recruitment_years
41
#_Recruitment_start_at_1977_yearclass=1979_for_age_2_recruits 1979 1980 1981 1982 1983 1984 1985 1986 1987 1988 1989 1990 1991 1992 1993 1994 1995 1996 1997 1998 1999 2000 2001 2002 2003 2004 2005 2006 2007 2008 2009 2010 2011 2012 2013 2014 2015 2016 2017 2018 2019
 30.6418 27.0053 28.4615 38.3612 39.5814 41.3688 62.0627 94.0299 86.9535 136.938 105.878 85.3641 40.8053 51.9188 53.141 63.7209 50.229 124.779 140.738 82.7222 106.431 232.24 142.473 242.717 126.473 223.569 75.2611 172.675 107.769 337.545 216.344 438.068 95.5045 349.558 66.5543 316.781 160.752 219.317 81.7487 460.904 144.877
#_Spawners per recruitment (starting at 1977)
 32.8535 27.9062 27.9325 27.5614 25.856 24.0745 24.4799 26.2503 28.4489 31.7986 34.8878 37.2764 38.3446 38.6877 39.6556 44.5381 51.2352 61.3022 72.8493 83.3517 91.8295 98.1102 102.91 105.96 108.971 112.486 117.218 124.41 133.386 144.648 157.202 171.849 188.136 204.607 219.414 234.047 248.228 264.373 281.253 300.784 320.566 340.02 357.332
