#Species name here:
Model_1_goa_pop_2023.dat
#SSL Species?
0
#Constant buffer of Dorn?
0
#Number of fisheries?
1
#Number of sexes?
1
#5year_Average_F(endyr-4,endyr_as_estimated_by_ADmodel)
0.0543641
#_Author_F_as_fraction_F_40%
1
#ABC SPR
0.4
#MSY SPR
0.35
#_Spawn_month
5
#_Number_of_ages
28
#_F_ratio(must_sum_to_one_only_one_fishery)
1
#_Natural_Mortality 2 3 4 5 6 7 8 9 10 11 12 13 14 15 16 17 18 19 20 21 22 23 24 25 26 27 28 29
 0.09 0.09 0.09 0.09 0.09 0.09 0.09 0.09 0.09 0.09 0.09 0.09 0.09 0.09 0.09 0.09 0.09 0.09 0.09 0.09 0.09 0.09 0.09 0.09 0.09 0.09 0.09 0.09
#_Maturity_divided_by_2(projection_program_uses_to_get_female_spawning_biomass_if_divide_by_2 2 3 4 5 6 7 8 9 10 11 12 13 14 15 16 17 18 19 20 21 22 23 24 25 26 27 28 29
 0.00657105 0.0127563 0.0246193 0.0469894 0.0878553 0.158356 0.268761 0.417919 0.583771 0.732603 0.842568 0.9127 0.953321 0.975547 0.987331 0.993474 0.996649 0.998282 0.99912 0.999549 0.999769 0.999882 0.999939 0.999969 0.999984 0.999992 0.999996 0.999998
#_Wt_at_age_spawners 2 3 4 5 6 7 8 9 10 11 12 13 14 15 16 17 18 19 20 21 22 23 24 25 26 27 28 29
 44.3 98.3 166.7 242.5 320 395 464.9 528.2 584.5 633.8 676.3 712.7 743.6 769.7 791.7 810 825.4 838.1 848.7 857.5 864.7 870.8 875.7 879.8 883.2 886 888.3 894.6
#_Wt_at_age_fishery 2 3 4 5 6 7 8 9 10 11 12 13 14 15 16 17 18 19 20 21 22 23 24 25 26 27 28 29
 44.3 98.3 166.7 242.5 320 395 464.9 528.2 584.5 633.8 676.3 712.7 743.6 769.7 791.7 810 825.4 838.1 848.7 857.5 864.7 870.8 875.7 879.8 883.2 886 888.3 894.6
#_Selectivity_fishery_scaled_to_max_at_one 2 3 4 5 6 7 8 9 10 11 12 13 14 15 16 17 18 19 20 21 22 23 24 25 26 27 28 29
 0.000959879 0.0097792 0.0347998 0.0805047 0.14709 0.231486 0.32865 0.432713 0.537849 0.638843 0.731423 0.812393 0.879625 0.931977 0.969149 0.991523 1 0.995848 0.980569 0.95578 0.923131 0.884227 0.840582 0.793582 0.744465 0.694311 0.64404 0.594418
#_Numbers_at_age_end_year 2 3 4 5 6 7 8 9 10 11 12 13 14 15 16 17 18 19 20 21 22 23 24 25 26 27 28 29
 125.51 114.895 90.903 87.2265 124.366 167.312 54.4336 84.0512 79.8 101.578 36.5381 81.1431 33.8442 77.159 43.8548 52.2115 21.5381 25.8484 14.1812 30.3435 18.4678 30.0992 17.2042 24.7176 10.9505 7.77608 11.4241 54.542
#_N_recruitment_years
43
#_Recruitment_start_at_1977_yearclass=1979_for_age_2_recruits 1979 1980 1981 1982 1983 1984 1985 1986 1987 1988 1989 1990 1991 1992 1993 1994 1995 1996 1997 1998 1999 2000 2001 2002 2003 2004 2005 2006 2007 2008 2009 2010 2011 2012 2013 2014 2015 2016 2017 2018 2019 2020 2021
 65.1276 57.6401 59.6493 74.774 76.8975 82.9863 119.961 180.732 166.476 256.259 199.73 158.915 83.675 96.437 96.6524 112.341 91.6749 210.901 224.966 136.221 170.645 342.893 212.623 331.444 181.025 264.219 109.392 176.15 129.374 275.983 203.776 315.063 121.503 256.491 101.941 251.001 175.386 165.096 96.0364 266.434 179.537 114.564 108.899
#_Spawners per recruitment (starting at 1977)
 52.1962 48.7659 50.3413 51.5456 51.4513 51.3015 53.3395 56.7647 60.6339 65.65 70.3421 74.303 77.0487 79.3874 82.8122 91.0254 101.856 116.762 133.352 148.515 160.8 169.652 175.785 179.203 182.121 185.502 190.285 197.725 207.009 218.458 230.859 244.749 259.194 272.292 281.934 289.427 294.35 298.926 301.687 304.758 306.41 307.284 306.696 304.516 301.431
