# Number of parameters = 169 Objective function value = 257.518956328344  Maximum gradient component = 5.52876323364897e-05
# log_mean_rec:
8.22456407345
# sigr:
0.371209702439
# a50:
2.73070715970
# delta:
6.00660412124
# a502:
6.28581206031
# delta2:
1.72246264203
# a503:
3.32426182148
# delta3:
15.2586249740
# a50_srv1:
14.8964444135
# delta_srv1:
9.53671979424
# a50_srv2:
7.30000000000
# delta_srv2:
3.80000000000
# log_avg_F:
-4.54459887328
# log_F_devs:
 -0.416380230660 0.955988841802 1.65624065478 2.19125365135 2.50228021657 1.90616246982 1.38791508448 1.23573573023 0.946415459070 0.480819711992 1.02194898446 1.01758926004 0.706543707116 0.632678282914 0.658716088931 0.593625253516 0.105947107648 -0.862248328345 -0.802130385284 -0.512866726757 -0.513131874801 -1.15217190853 -1.78137335541 -1.79086473913 -3.00943562414 -1.98492445356 -1.25683193271 -0.606807144989 -0.282251732377 -0.191359667117 -0.925978514676 -0.995969165052 -2.23133379090 -2.42675176794 -1.35228476343 -0.613598077270 -0.524771068362 -0.609759424928 -0.449170395027 -0.470358870950 -0.392973770592 -0.303391071341 -0.386270501981 -0.334182717084 -0.402623621952 -0.260212175548 0.273823324966 0.200596228225 0.210518447901 0.369860560080 0.259303738564 0.294737361743 0.164947064996 0.454590369361 0.510512026915 0.718337619653 0.760879226248 0.804697036199 0.845974997793 0.848105422128 1.00295428111 1.04250338462 1.08020438759
# mat_a50:
9.50761427981
# mat_delta:
0.673822077262
# log_rec_dev:
 -0.0152987313138 -0.0191793144825 -0.0238677635446 -0.0294862689410 -0.0363026990083 -0.0446099221893 -0.0545198232175 -0.0660804549216 -0.0797445393479 -0.0955600032300 -0.113237716265 -0.132752084222 -0.153659608112 -0.174861943294 -0.195129335508 -0.212494585033 -0.224356414429 -0.227344637840 -0.216765006240 -0.185515272773 -0.119875167599 0.00967693173506 0.229557451138 0.404698715986 0.545956966094 0.902914187531 0.310279166312 -0.0378782185674 -0.0959283786255 -0.0742091209305 0.0826128840024 0.272649969450 0.156726686298 -0.0883878889122 -0.237240002635 -0.211377136138 -0.195264370799 -0.247080537339 -0.283937442367 -0.325309231804 -0.363576432005 -0.387767818961 -0.359693662853 -0.300509641405 -0.350524762275 -0.392673435093 -0.419259138660 -0.370870044631 -0.352519719938 -0.308186204674 -0.0867219735779 0.201409420588 0.231220497786 0.433002966422 0.437613698701 0.130739227336 -0.316383329895 -0.306627826085 -0.297051689315 -0.191183375371 -0.213544091165 0.294010978464 0.410268974895 0.0608432720695 0.186335273699 0.749789809419 0.431239106436 0.651225169829 0.250028986075 0.388866482566 -0.107377799792 0.0568284587889 -0.0448150081380 0.428441909862 0.293784418979 0.509123620414 -0.00319682806744 0.293653446040 -0.112229382090 0.272518496079 0.0822044719749 0.0221330029368 -0.206843652255 0.207091129111 0.0241988267680 -0.0872687679966 -0.111850605741 0.00429482682883 0.00206360370776
# log_q_srv1:
-0.207333998306
# log_q_srv2:
0.00000000000
# cv_cpue:
0.00000000000
# logm:
-1.46967597006
# mF50:
0.708794362005
# mF40:
0.999999075762
# mF35:
0.999999687778
