#Species name here:
Model_1_goa_pop_2023.dat
#SSL Species?
0
#Constant buffer of Dorn?
0
#Number of fisheries?
1
#Number of sexes?
1
#5year_Average_F(endyr-4,endyr_as_estimated_by_ADmodel)
0.0279919
#_Author_F_as_fraction_F_40%
1
#ABC SPR
0.4
#MSY SPR
0.35
#_Spawn_month
5
#_Number_of_ages
28
#_F_ratio(must_sum_to_one_only_one_fishery)
1
#_Natural_Mortality 2 3 4 5 6 7 8 9 10 11 12 13 14 15 16 17 18 19 20 21 22 23 24 25 26 27 28 29
 0.23 0.23 0.23 0.23 0.23 0.23 0.23 0.23 0.23 0.23 0.23 0.23 0.23 0.23 0.23 0.23 0.23 0.23 0.23 0.23 0.23 0.23 0.23 0.23 0.23 0.23 0.23 0.23
#_Maturity_divided_by_2(projection_program_uses_to_get_female_spawning_biomass_if_divide_by_2 2 3 4 5 6 7 8 9 10 11 12 13 14 15 16 17 18 19 20 21 22 23 24 25 26 27 28 29
 0.00631309 0.0123098 0.0238658 0.0457676 0.0859981 0.155817 0.265834 0.415314 0.582193 0.732159 0.842828 0.913192 0.953782 0.975894 0.987565 0.993622 0.996739 0.998335 0.99915 0.999567 0.999779 0.999887 0.999943 0.999971 0.999985 0.999992 0.999996 0.999998
#_Wt_at_age_spawners 2 3 4 5 6 7 8 9 10 11 12 13 14 15 16 17 18 19 20 21 22 23 24 25 26 27 28 29
 44.3 98.3 166.7 242.5 320 395 464.9 528.2 584.5 633.8 676.3 712.7 743.6 769.7 791.7 810 825.4 838.1 848.7 857.5 864.7 870.8 875.7 879.8 883.2 886 888.3 894.6
#_Wt_at_age_fishery 2 3 4 5 6 7 8 9 10 11 12 13 14 15 16 17 18 19 20 21 22 23 24 25 26 27 28 29
 44.3 98.3 166.7 242.5 320 395 464.9 528.2 584.5 633.8 676.3 712.7 743.6 769.7 791.7 810 825.4 838.1 848.7 857.5 864.7 870.8 875.7 879.8 883.2 886 888.3 894.6
#_Selectivity_fishery_scaled_to_max_at_one 2 3 4 5 6 7 8 9 10 11 12 13 14 15 16 17 18 19 20 21 22 23 24 25 26 27 28 29
 5.99765e-05 0.000898461 0.00411535 0.0116044 0.0250835 0.0458282 0.0745563 0.111417 0.156044 0.207646 0.265106 0.327093 0.392155 0.458804 0.52559 0.591152 0.654259 0.713838 0.768989 0.818991 0.863296 0.901529 0.93347 0.959038 0.97828 0.991348 0.998483 1
#_Numbers_at_age_end_year 2 3 4 5 6 7 8 9 10 11 12 13 14 15 16 17 18 19 20 21 22 23 24 25 26 27 28 29
 3739.2 2977.55 2106.29 1714.96 1522.75 1451.62 761.432 759.07 638.488 611.064 328.635 389.14 227.869 299.275 189.604 170.246 83.137 72.0703 47.8522 61.4611 41.8103 48.7922 30.5859 32.8448 14.5971 10.0509 11.1274 26.5031
#_N_recruitment_years
43
#_Recruitment_start_at_1977_yearclass=1979_for_age_2_recruits 1979 1980 1981 1982 1983 1984 1985 1986 1987 1988 1989 1990 1991 1992 1993 1994 1995 1996 1997 1998 1999 2000 2001 2002 2003 2004 2005 2006 2007 2008 2009 2010 2011 2012 2013 2014 2015 2016 2017 2018 2019 2020 2021
 2628.16 2519.69 2453.58 2575.23 2622.92 2741.82 3421.53 4564.09 4702.19 5753.52 5780.11 4252.67 2719.44 2746.1 2772.52 3082.14 3013.99 5006.91 5624.19 3965.58 4495.8 7897.91 5743.38 7156.59 4791.47 5505.1 3351.58 3949.69 3567.96 5727.34 5005.78 6208.58 3719.58 5005.12 3335.36 4900.45 4051.2 3815 3034.25 4590.09 3822.89 3419.66 3336.62
#_Spawners per recruitment (starting at 1977)
 955.973 932.178 912.394 891.838 870.223 849.375 831.942 817.466 805.191 795.826 788.22 783.33 783.05 791.067 811.511 849.379 901.127 962.985 1024 1071.73 1097.59 1100.32 1086.88 1068.03 1056.06 1059.11 1080.49 1119.65 1171.37 1232.03 1296.11 1357.39 1406.04 1434.1 1438.75 1426.42 1405.2 1386.22 1373.02 1367.1 1361.67 1352.24 1335.68 1312.7 1286.02
