#Species name here:
Model_1_goa_pop_2023.dat
#SSL Species?
0
#Constant buffer of Dorn?
0
#Number of fisheries?
1
#Number of sexes?
1
#5year_Average_F(endyr-4,endyr_as_estimated_by_ADmodel)
0.0400292
#_Author_F_as_fraction_F_40%
1
#ABC SPR
0.4
#MSY SPR
0.35
#_Spawn_month
5
#_Number_of_ages
28
#_F_ratio(must_sum_to_one_only_one_fishery)
1
#_Natural_Mortality 2 3 4 5 6 7 8 9 10 11 12 13 14 15 16 17 18 19 20 21 22 23 24 25 26 27 28 29
 0.15 0.15 0.15 0.15 0.15 0.15 0.15 0.15 0.15 0.15 0.15 0.15 0.15 0.15 0.15 0.15 0.15 0.15 0.15 0.15 0.15 0.15 0.15 0.15 0.15 0.15 0.15 0.15
#_Maturity_divided_by_2(projection_program_uses_to_get_female_spawning_biomass_if_divide_by_2 2 3 4 5 6 7 8 9 10 11 12 13 14 15 16 17 18 19 20 21 22 23 24 25 26 27 28 29
 0.00657105 0.0127563 0.0246193 0.0469894 0.0878553 0.158356 0.268761 0.417919 0.583771 0.732603 0.842568 0.9127 0.953321 0.975547 0.987331 0.993474 0.996649 0.998282 0.99912 0.999549 0.999769 0.999882 0.999939 0.999969 0.999984 0.999992 0.999996 0.999998
#_Wt_at_age_spawners 2 3 4 5 6 7 8 9 10 11 12 13 14 15 16 17 18 19 20 21 22 23 24 25 26 27 28 29
 44.3 98.3 166.7 242.5 320 395 464.9 528.2 584.5 633.8 676.3 712.7 743.6 769.7 791.7 810 825.4 838.1 848.7 857.5 864.7 870.8 875.7 879.8 883.2 886 888.3 894.6
#_Wt_at_age_fishery 2 3 4 5 6 7 8 9 10 11 12 13 14 15 16 17 18 19 20 21 22 23 24 25 26 27 28 29
 44.3 98.3 166.7 242.5 320 395 464.9 528.2 584.5 633.8 676.3 712.7 743.6 769.7 791.7 810 825.4 838.1 848.7 857.5 864.7 870.8 875.7 879.8 883.2 886 888.3 894.6
#_Selectivity_fishery_scaled_to_max_at_one 2 3 4 5 6 7 8 9 10 11 12 13 14 15 16 17 18 19 20 21 22 23 24 25 26 27 28 29
 0.000436898 0.00457063 0.0168505 0.0405319 0.0771551 0.126665 0.187757 0.258266 0.33554 0.416736 0.499061 0.579935 0.657102 0.728689 0.793227 0.849649 0.897261 0.935709 0.964929 0.985105 0.996617 1 0.995898 0.985033 0.968168 0.946083 0.919554 0.889332
#_Numbers_at_age_end_year 2 3 4 5 6 7 8 9 10 11 12 13 14 15 16 17 18 19 20 21 22 23 24 25 26 27 28 29
 497.667 429.186 323.97 287.822 321.244 371.827 158.343 196.929 181.288 204.8 90.8224 149.566 74.3215 132.639 79.1478 83.7388 37.278 38.247 23.4721 39.825 25.4449 36.0299 20.9947 26.725 11.6433 8.14275 10.6234 36.7356
#_N_recruitment_years
43
#_Recruitment_start_at_1977_yearclass=1979_for_age_2_recruits 1979 1980 1981 1982 1983 1984 1985 1986 1987 1988 1989 1990 1991 1992 1993 1994 1995 1996 1997 1998 1999 2000 2001 2002 2003 2004 2005 2006 2007 2008 2009 2010 2011 2012 2013 2014 2015 2016 2017 2018 2019 2020 2021
 294.053 265.043 270.355 316.33 328.657 356.983 494.658 721.309 684.341 1002.15 782.496 592.111 355.757 372.157 374.833 420.693 376.863 748.589 816.633 525.639 631.015 1216.18 802.442 1156.71 685.971 901.105 445.475 608.629 497.381 937.181 743.608 1047.38 494.046 838.612 430.522 822.853 619.05 573.074 393.696 791.702 586.877 451.814 437.407
#_Spawners per recruitment (starting at 1977)
 185.911 185.368 188.919 191.072 191.079 190.473 191.76 194.317 197.316 201.478 205.365 208.936 212.37 217.287 225.901 242.318 264.148 291.744 320.71 345.65 363.266 372.585 375.379 373.696 371.846 372.478 377.429 388.021 402.938 422.004 443.439 466.63 488.943 506.894 517.644 522.914 523.601 523.662 522.915 523.737 523.648 522.301 518.383 511.795 503.555
