# Number of parameters = 169 Objective function value = 265.071416317297  Maximum gradient component = 7.94076074352882e-05
# log_mean_rec:
7.58734750552
# sigr:
0.426320040669
# a50:
2.69431270858
# delta:
5.82010438182
# a502:
6.29956055716
# delta2:
1.74495808472
# a503:
3.35231165618
# delta3:
16.4238113626
# a50_srv1:
13.0726977916
# delta_srv1:
9.35583951678
# a50_srv2:
7.30000000000
# delta_srv2:
3.80000000000
# log_avg_F:
-4.13891315973
# log_F_devs:
 -0.380328316035 0.989930390512 1.69422892434 2.24823950900 2.59074633592 2.01566576882 1.51018968613 1.36598557260 1.07946114453 0.608899977064 1.14321702644 1.13413791897 0.819403965650 0.744383044677 0.772583025059 0.711582526576 0.200560807488 -0.767599360174 -0.706110737293 -0.412711545223 -0.407796604838 -1.04444233693 -1.67646986545 -1.69200370598 -2.91645826807 -1.89749344776 -1.17663702824 -0.535736158036 -0.221909673402 -0.146091189985 -0.899899485564 -0.991892134279 -2.24920618868 -2.46052942509 -1.39132605027 -0.712870910043 -0.627712772562 -0.712587588421 -0.549226836501 -0.566155948595 -0.484045754202 -0.389991746600 -0.469844708112 -0.415924609578 -0.484190980408 -0.343096906300 0.180804773982 0.107970517265 0.117343484792 0.275519663946 0.163274722554 0.196126624627 0.0637124069016 0.349945369699 0.403527382080 0.609054800493 0.650916592906 0.693721050346 0.735058014509 0.737097557278 0.893210046497 0.934372433757 0.989427694631
# mat_a50:
9.49855153278
# mat_delta:
0.670751521816
# log_rec_dev:
 -0.0276648335316 -0.0339135132929 -0.0412305743394 -0.0497520294204 -0.0598087200134 -0.0717356938994 -0.0855091348674 -0.101086855333 -0.118942054783 -0.138937924685 -0.160485682420 -0.183387967216 -0.206904301377 -0.229543470127 -0.249710632662 -0.264994251752 -0.272306676346 -0.267745155593 -0.246014190813 -0.199251211806 -0.111935547141 0.0523285487604 0.335178626270 0.524748676826 0.593838448161 1.04900982250 0.296108811131 -0.0617261054219 -0.110022264173 -0.0915471924962 0.0816860388930 0.317305000677 0.177166044628 -0.121026775890 -0.295559536859 -0.269035367080 -0.266943671855 -0.353929955181 -0.421120239373 -0.480789793055 -0.529380995823 -0.546552569159 -0.462384365143 -0.294801032339 -0.413598642066 -0.494275940080 -0.482853676006 -0.371488956724 -0.346759228939 -0.285325365774 -0.0114506395335 0.323601153817 0.308203022185 0.645887883176 0.404888309295 0.106424270935 -0.289845441024 -0.295731127090 -0.290786590729 -0.172686820216 -0.228073811537 0.345061996710 0.462515708410 0.0682999228755 0.208798998759 0.828922023408 0.459212162146 0.741151016643 0.280238730572 0.480624253506 -0.105187275007 0.116807158694 -0.0270062605691 0.522544390924 0.341968823815 0.616198856370 0.00126917168663 0.389304373763 -0.120290462820 0.360859097628 0.123499976756 0.0548841160747 -0.231460686227 0.275279435490 0.0475712721717 -0.102702450908 -0.131952960783 0.00498335044449 0.00250262013229
# log_q_srv1:
-0.142986616822
# log_q_srv2:
0.00000000000
# cv_cpue:
0.00000000000
# logm:
-1.56064774826
# mF50:
0.579406820554
# mF40:
0.913953741152
# mF35:
0.999999226156
