#Species name here:
Model_1_goa_pop_2023.dat
#SSL Species?
0
#Constant buffer of Dorn?
0
#Number of fisheries?
1
#Number of sexes?
1
#5year_Average_F(endyr-4,endyr_as_estimated_by_ADmodel)
0.0377901
#_Author_F_as_fraction_F_40%
1
#ABC SPR
0.4
#MSY SPR
0.35
#_Spawn_month
5
#_Number_of_ages
28
#_F_ratio(must_sum_to_one_only_one_fishery)
1
#_Natural_Mortality 2 3 4 5 6 7 8 9 10 11 12 13 14 15 16 17 18 19 20 21 22 23 24 25 26 27 28 29
 0.21 0.21 0.21 0.21 0.21 0.21 0.21 0.21 0.21 0.21 0.21 0.21 0.21 0.21 0.21 0.21 0.21 0.21 0.21 0.21 0.21 0.21 0.21 0.21 0.21 0.21 0.21 0.21
#_Maturity_divided_by_2(projection_program_uses_to_get_female_spawning_biomass_if_divide_by_2 2 3 4 5 6 7 8 9 10 11 12 13 14 15 16 17 18 19 20 21 22 23 24 25 26 27 28 29
 0.0064985 0.0126307 0.0244073 0.0466455 0.0873317 0.157638 0.267929 0.417169 0.583303 0.732452 0.84262 0.912823 0.953441 0.975639 0.987394 0.993514 0.996673 0.998296 0.999128 0.999554 0.999772 0.999883 0.99994 0.999969 0.999984 0.999992 0.999996 0.999998
#_Wt_at_age_spawners 2 3 4 5 6 7 8 9 10 11 12 13 14 15 16 17 18 19 20 21 22 23 24 25 26 27 28 29
 44.3 98.3 166.7 242.5 320 395 464.9 528.2 584.5 633.8 676.3 712.7 743.6 769.7 791.7 810 825.4 838.1 848.7 857.5 864.7 870.8 875.7 879.8 883.2 886 888.3 894.6
#_Wt_at_age_fishery 2 3 4 5 6 7 8 9 10 11 12 13 14 15 16 17 18 19 20 21 22 23 24 25 26 27 28 29
 44.3 98.3 166.7 242.5 320 395 464.9 528.2 584.5 633.8 676.3 712.7 743.6 769.7 791.7 810 825.4 838.1 848.7 857.5 864.7 870.8 875.7 879.8 883.2 886 888.3 894.6
#_Selectivity_fishery_scaled_to_max_at_one 2 3 4 5 6 7 8 9 10 11 12 13 14 15 16 17 18 19 20 21 22 23 24 25 26 27 28 29
 0.00011006 0.00135825 0.0055884 0.0146651 0.0300791 0.0527899 0.0832001 0.121201 0.166254 0.217491 0.273806 0.333952 0.396616 0.460483 0.524296 0.586884 0.647199 0.70433 0.75751 0.806122 0.849694 0.887891 0.920507 0.947452 0.968737 0.984462 0.994804 1
#_Numbers_at_age_end_year 2 3 4 5 6 7 8 9 10 11 12 13 14 15 16 17 18 19 20 21 22 23 24 25 26 27 28 29
 1978.02 1607.32 1136.08 948.007 892.527 907.416 442.24 475.843 411.27 420.148 208.879 279.179 151.791 224.601 136.357 130.248 59.8622 54.9678 34.9735 49.8698 32.3757 40.6979 24.327 27.8859 11.8733 8.16326 9.57814 23.9374
#_N_recruitment_years
43
#_Recruitment_start_at_1977_yearclass=1979_for_age_2_recruits 1979 1980 1981 1982 1983 1984 1985 1986 1987 1988 1989 1990 1991 1992 1993 1994 1995 1996 1997 1998 1999 2000 2001 2002 2003 2004 2005 2006 2007 2008 2009 2010 2011 2012 2013 2014 2015 2016 2017 2018 2019 2020 2021
 1304.73 1203.6 1217.43 1360.84 1394.91 1483.3 1950.61 2726.98 2685.31 3763.99 2957.9 2194.64 1476.61 1467.94 1475.22 1660.15 1570.7 2786.13 3133.37 2112.54 2431.22 4520.01 3123.03 4140.2 2611.26 3190.62 1776.07 2217.54 1920.5 3327.22 2777.53 3653.89 1975.58 2912.16 1749.45 2830.49 2232.43 2084.39 1565.38 2598.34 2069.2 1780.49 1729.17
#_Spawners per recruitment (starting at 1977)
 569.39 555.69 545.11 532.766 518.627 504.92 494.668 487.573 482.835 480.931 480.363 481.69 486.149 496.61 516.302 549.57 593.019 644.01 693.658 732.012 752.952 756.268 747.499 733.861 724.08 723.802 735.719 760.202 793.877 834.761 879.064 923.102 960.193 984.231 992.179 988.212 977.116 966.848 959.382 956.651 953.767 947.995 936.882 920.693 901.334
