# Number of parameters = 169 Objective function value = 255.160197849057  Maximum gradient component = 8.80061795951072e-05
# log_mean_rec:
7.62424975010
# sigr:
0.398352351120
# a50:
2.69327910611
# delta:
5.79077353826
# a502:
6.28174801233
# delta2:
1.73507821758
# a503:
3.35071416842
# delta3:
16.3462166510
# a50_srv1:
13.1664705474
# delta_srv1:
9.17016013429
# a50_srv2:
7.30000000000
# delta_srv2:
3.80000000000
# log_avg_F:
-4.16944241135
# log_F_devs:
 -0.397342166673 0.976898422360 1.68576711116 2.24207558710 2.58528101392 2.01224706477 1.50640491440 1.36014660297 1.07164361880 0.600152559510 1.13490879762 1.12687990518 0.811428709889 0.732719828166 0.754788380989 0.685942076458 0.171894520453 -0.804847646794 -0.752927180990 -0.469724901366 -0.474309171400 -1.11722029769 -1.75014350069 -1.76278292350 -2.98430058719 -1.96224396531 -1.23582598872 -0.586529605431 -0.262091897708 -0.171764051449 -0.908085697034 -0.980532471317 -2.21890989043 -2.41819386526 -1.34860094702 -0.665226694735 -0.578604705047 -0.664619630866 -0.503984611909 -0.524407516419 -0.445977416770 -0.355371904912 -0.438164618511 -0.386445579459 -0.456195424499 -0.315917509898 0.210151900875 0.136740582127 0.145481110182 0.303001933016 0.190009625424 0.222164906956 0.0890358987255 0.374652112552 0.427544706782 0.632399143966 0.673420762690 0.715353345203 0.755549486979 0.756368675413 0.910949130653 0.950451897782 0.988843560822
# mat_a50:
9.49871196845
# mat_delta:
0.670797446708
# log_rec_dev:
 -0.0251249105349 -0.0308171572284 -0.0375018753941 -0.0453098500347 -0.0545446627148 -0.0655197881336 -0.0782244839490 -0.0926465048973 -0.109234568265 -0.127884859058 -0.148100016450 -0.169713779556 -0.192075994519 -0.213819872247 -0.233482067165 -0.248817250144 -0.256919254190 -0.254068460629 -0.235158423806 -0.192563736938 -0.111515942108 0.0413042910230 0.301489425921 0.492218454332 0.592621061634 1.00163716847 0.302634559823 -0.0545134674942 -0.110052857253 -0.0889612176224 0.0767611647228 0.289208038166 0.164892373903 -0.0979902609579 -0.253640068029 -0.220279274840 -0.203918211630 -0.267295821175 -0.313013576251 -0.360280253615 -0.402610325225 -0.429173845085 -0.397796395044 -0.331138838696 -0.385961837413 -0.430417684789 -0.456175818790 -0.397571728658 -0.372555676618 -0.320649790153 -0.0818175497237 0.223794807791 0.237050336660 0.445967372021 0.453921194103 0.138544266818 -0.336142462723 -0.315602546004 -0.304912398685 -0.199905442548 -0.233927285752 0.309255575764 0.420060520583 0.0548830140427 0.194094092181 0.779698011805 0.443433753482 0.697268122607 0.271146584398 0.435993645234 -0.0994680082703 0.0899978699675 -0.0270319564907 0.481353800907 0.328721253602 0.573665751542 0.0119474965658 0.354466745965 -0.101648117295 0.332335911383 0.121256217945 0.0528382994518 -0.202987561453 0.256606260380 0.0521379522835 -0.0867275573989 -0.111684929724 0.00395196335140 0.00200037283731
# log_q_srv1:
-0.129448516787
# log_q_srv2:
0.00000000000
# cv_cpue:
0.00000000000
# logm:
-1.56064774826
# mF50:
0.582362543913
# mF40:
0.919351088712
# mF35:
0.999999259658
