#Species name here:
Model_1_goa_pop_2023.dat
#SSL Species?
0
#Constant buffer of Dorn?
0
#Number of fisheries?
1
#Number of sexes?
1
#5year_Average_F(endyr-4,endyr_as_estimated_by_ADmodel)
0.037171
#_Author_F_as_fraction_F_40%
1
#ABC SPR
0.4
#MSY SPR
0.35
#_Spawn_month
5
#_Number_of_ages
28
#_F_ratio(must_sum_to_one_only_one_fishery)
1
#_Natural_Mortality 2 3 4 5 6 7 8 9 10 11 12 13 14 15 16 17 18 19 20 21 22 23 24 25 26 27 28 29
 0.21 0.21 0.21 0.21 0.21 0.21 0.21 0.21 0.21 0.21 0.21 0.21 0.21 0.21 0.21 0.21 0.21 0.21 0.21 0.21 0.21 0.21 0.21 0.21 0.21 0.21 0.21 0.21
#_Maturity_divided_by_2(projection_program_uses_to_get_female_spawning_biomass_if_divide_by_2 2 3 4 5 6 7 8 9 10 11 12 13 14 15 16 17 18 19 20 21 22 23 24 25 26 27 28 29
 0.00649558 0.0126256 0.0243988 0.0466315 0.0873103 0.157609 0.267894 0.417138 0.583282 0.732444 0.842621 0.912827 0.953445 0.975642 0.987396 0.993516 0.996674 0.998297 0.999128 0.999554 0.999772 0.999883 0.99994 0.99997 0.999984 0.999992 0.999996 0.999998
#_Wt_at_age_spawners 2 3 4 5 6 7 8 9 10 11 12 13 14 15 16 17 18 19 20 21 22 23 24 25 26 27 28 29
 44.3 98.3 166.7 242.5 320 395 464.9 528.2 584.5 633.8 676.3 712.7 743.6 769.7 791.7 810 825.4 838.1 848.7 857.5 864.7 870.8 875.7 879.8 883.2 886 888.3 894.6
#_Wt_at_age_fishery 2 3 4 5 6 7 8 9 10 11 12 13 14 15 16 17 18 19 20 21 22 23 24 25 26 27 28 29
 44.3 98.3 166.7 242.5 320 395 464.9 528.2 584.5 633.8 676.3 712.7 743.6 769.7 791.7 810 825.4 838.1 848.7 857.5 864.7 870.8 875.7 879.8 883.2 886 888.3 894.6
#_Selectivity_fishery_scaled_to_max_at_one 2 3 4 5 6 7 8 9 10 11 12 13 14 15 16 17 18 19 20 21 22 23 24 25 26 27 28 29
 0.000105563 0.00131965 0.0054686 0.01442 0.0296809 0.0522329 0.0824999 0.120391 0.16538 0.216604 0.272958 0.333191 0.395982 0.460007 0.523995 0.586766 0.64726 0.704556 0.757878 0.806601 0.85025 0.888485 0.921098 0.947999 0.969201 0.984805 0.994991 1
#_Numbers_at_age_end_year 2 3 4 5 6 7 8 9 10 11 12 13 14 15 16 17 18 19 20 21 22 23 24 25 26 27 28 29
 2051.34 1666.03 1202.92 999.494 930.343 924.162 472.167 492.804 425.881 423.832 220.913 279.924 159.305 223.539 139.768 129.848 62.1963 55.6108 36.5583 49.5775 33.3555 40.5018 24.9035 27.6115 12.171 8.37969 9.55163 24.167
#_N_recruitment_years
43
#_Recruitment_start_at_1977_yearclass=1979_for_age_2_recruits 1979 1980 1981 1982 1983 1984 1985 1986 1987 1988 1989 1990 1991 1992 1993 1994 1995 1996 1997 1998 1999 2000 2001 2002 2003 2004 2005 2006 2007 2008 2009 2010 2011 2012 2013 2014 2015 2016 2017 2018 2019 2020 2021
 1391.71 1331.19 1297.34 1375.65 1410.49 1485.64 1886.41 2560.72 2594.89 3197.8 3223.33 2351.47 1462.8 1493.16 1509.2 1676.3 1620.23 2789.19 3116.02 2162.74 2485.79 4464.66 3189.7 4111.4 2684.89 3166.06 1853.41 2240.04 1992.64 3312.98 2844.01 3633.37 2071.85 2918.18 1849.37 2854.31 2311.16 2158.33 1671.14 2646.14 2156.81 1877.17 1830.9
#_Spawners per recruitment (starting at 1977)
 601.711 591.697 585.098 576.76 566.23 555.237 546.378 539.167 532.92 528.501 524.771 522.296 522.175 527.09 540.223 566.096 601.683 645.235 689.085 724.392 745.18 750.233 743.804 732.366 724.421 725.575 738.561 763.817 798.09 839.451 884.126 928.481 965.94 990.469 999.059 995.85 985.564 976.05 969.219 967.047 964.758 959.733 949.583 934.562 916.539
