# Number of parameters = 169 Objective function value = 262.760810282051  Maximum gradient component = 3.26756886673500e-05
# log_mean_rec:
4.83031596254
# sigr:
0.714061888469
# a50:
2.53260509414
# delta:
5.05378275942
# a502:
6.29257901963
# delta2:
1.92067340680
# a503:
2.84221804980
# delta3:
10.1236756138
# a50_srv1:
5.92755246391
# delta_srv1:
6.08454451898
# a50_srv2:
7.30000000000
# delta_srv2:
3.80000000000
# log_avg_F:
-2.81754314669
# log_F_devs:
 -0.659059523629 0.604054100692 1.22004320799 1.87099049576 2.41096313107 1.98357823401 1.61299584227 1.58957550491 1.39657247826 0.969503167759 1.55044660959 1.63552858499 1.41998304533 1.44503433605 1.60138026166 1.69346122174 1.21978602169 0.254163862875 0.275233554913 0.542740357340 0.531415227233 -0.144654879807 -0.845743420562 -0.938671585239 -2.24328314242 -1.29738380905 -0.633608450299 -0.0294126609338 0.265863094415 0.326412697169 -0.451790234271 -0.582458614116 -1.88527927151 -2.15058611340 -1.13661967827 -0.651204440200 -0.591462893266 -0.696657379634 -0.547950851334 -0.576675883108 -0.504539567710 -0.418885480346 -0.509583630429 -0.465100262686 -0.542870895462 -0.411479889115 -0.647065097336 -0.735336788076 -0.743111907313 -0.599277542511 -0.725230504324 -0.705438663241 -0.849906076263 -0.576514059509 -0.532655695610 -0.334965638403 -0.297191275291 -0.258700423400 -0.220907928396 -0.221522286901 -0.0657141193583 -0.0242971418344 0.0330698333577
# mat_a50:
9.49480976672
# mat_delta:
0.669595262393
# log_rec_dev:
 -0.245482045461 -0.263676881163 -0.280290492452 -0.296279520555 -0.312506249524 -0.329284934934 -0.344841382349 -0.359208840363 -0.372896979786 -0.384848946472 -0.393413246826 -0.398012479778 -0.397169865077 -0.388528333077 -0.369804111416 -0.338017942889 -0.290086338390 -0.224083904958 -0.141428656185 -0.0507603149210 0.0350689692234 0.121634927429 2.59121533047 0.442187537627 0.445751148180 2.64798310337 0.225020469697 0.320849868654 0.528604058539 0.293327357994 0.380300792926 0.891403802430 0.459017413272 -0.0907800647962 -0.391185263920 -0.364831962958 -0.475152030953 -0.710132016181 -0.830410742872 -0.909825465763 -0.966626383103 -0.975742719449 -0.809834141358 -0.417281438177 -0.653967788518 -0.776097538925 -0.741833305981 -0.515845266341 -0.487842964030 -0.411640398969 -0.0431465417469 0.366700789928 0.284536243605 0.715874603271 0.466649737611 0.238055011034 -0.403376209763 -0.261426013769 -0.259194603017 -0.108778284681 -0.312067600775 0.521072050098 0.585632880602 0.0839620575258 0.309271601573 1.00710338238 0.529205232074 0.973143674092 0.368319790050 0.746460993346 -0.135374395036 0.341019828457 0.0323900714839 0.790021667087 0.486704793218 0.922456302066 -0.0303776976231 0.716775978801 -0.205924569927 0.695139647717 0.336671849301 0.276208964285 -0.265588234565 0.754808736458 0.360067222189 -0.0891848688248 -0.139898530214 0.00375458967007 0.00207176598933
# log_q_srv1:
0.370431747291
# log_q_srv2:
0.00000000000
# cv_cpue:
0.00000000000
# logm:
-2.40794560865
# mF50:
0.0834194303405
# mF40:
0.120809698237
# mF35:
0.146598009882
