# Number of parameters = 169 Objective function value = 255.481717777632  Maximum gradient component = 5.73274934107909e-05
# log_mean_rec:
4.45290894739
# sigr:
0.765490000000
# a50:
2.52356953914
# delta:
5.03122788878
# a502:
6.29738828096
# delta2:
1.95748799081
# a503:
2.75984268298
# delta3:
8.97070150327
# a50_srv1:
5.53993858171
# delta_srv1:
5.81946142863
# a50_srv2:
7.30000000000
# delta_srv2:
3.80000000000
# log_avg_F:
-2.59636425187
# log_F_devs:
 -0.816502464364 0.435960886866 1.03971281617 1.69174894719 2.24505491251 1.82492000851 1.46206362769 1.44709042037 1.26002732434 0.838182584370 1.42465886702 1.52051350542 1.32252230084 1.37077797292 1.56279880312 1.71029890798 1.29131860721 0.354243465464 0.386287539872 0.670044578719 0.679355431478 0.0124832725222 -0.696263454719 -0.803375584668 -2.12521544535 -1.19577161273 -0.543147862362 0.0573225419302 0.356420376262 0.423030965163 -0.353827577795 -0.490812660912 -1.80307873876 -2.08086039042 -1.07716842056 -0.607680487403 -0.551428888587 -0.659778135148 -0.513241863789 -0.543924014070 -0.473472147523 -0.389076344624 -0.481765394685 -0.438340545804 -0.516544535120 -0.385000082806 -0.649807460411 -0.741162934579 -0.752551895609 -0.610930242329 -0.738706455222 -0.720676915485 -0.867156251651 -0.596643953081 -0.555639937401 -0.360431431974 -0.324144589740 -0.286855239593 -0.249695666635 -0.249918015489 -0.0928895452553 -0.0505330881495 0.00718317399524
# mat_a50:
9.49480975886
# mat_delta:
0.669595249119
# log_rec_dev:
 -0.297076251745 -0.314515559509 -0.329564833585 -0.343575450392 -0.357553954789 -0.371814907942 -0.384337526078 -0.395305168701 -0.405219895310 -0.412961856109 -0.416848922063 -0.416275814732 -0.409732158226 -0.394826183810 -0.369243664819 -0.330039742682 -0.274334313656 -0.200942189114 -0.113298730395 -0.0243287716034 0.0476289727317 0.105860247764 2.91353832288 0.332787049685 0.341571974288 2.94281841017 0.226427403723 0.423047294623 0.845830833611 0.445102397256 0.489495295708 1.17370636737 0.597077975081 0.0359387742039 -0.286230122503 -0.255863310092 -0.421161740374 -0.711670668160 -0.854121122016 -0.945300309263 -1.01003347077 -1.02374811708 -0.849083600239 -0.411381989120 -0.673471508874 -0.799239849204 -0.762408869981 -0.519895441006 -0.501001049081 -0.432328877514 -0.0602596882749 0.350887097697 0.263707647371 0.703686175683 0.454132747199 0.239999786042 -0.431690438819 -0.264652797897 -0.266013904919 -0.107188124576 -0.331848184620 0.528727048155 0.583400326463 0.0695415525417 0.300775587186 0.997476358768 0.519804705600 0.965562173041 0.352207947924 0.751208941215 -0.159571103349 0.357943544302 0.0412613269095 0.860245739135 0.542622323029 1.00646750441 -0.0151210113803 0.775525505497 -0.231958854895 0.651237317778 0.296455336167 0.331686325581 -0.208522680096 0.988224866371 0.525340079991 -0.0244046706961 -0.120717692176 0.00624900191778 0.00193135594999
# log_q_srv1:
0.578657314864
# log_q_srv2:
0.00000000000
# cv_cpue:
0.00000000000
# logm:
-2.59247615238
# mF50:
0.0702701716282
# mF40:
0.0999047269733
# mF35:
0.119915450029
