# Number of parameters = 166 Objective function value = 259.927551446781  Maximum gradient component = 7.67026754388598e-05
# log_mean_rec:
4.44145738176
# sigr:
0.770584788234
# a50:
2.52390752542
# delta:
5.08665718847
# a502:
6.29271715716
# delta2:
1.94640570907
# a503:
2.75693560014
# delta3:
8.94543917147
# a50_srv1:
5.38549819046
# delta_srv1:
5.71220885624
# a50_srv2:
7.30000000000
# delta_srv2:
3.80000000000
# log_avg_F:
-2.58233687906
# log_F_devs:
 -0.820093847697 0.434338115847 1.03750866185 1.69965642665 2.24683055697 1.80164207327 1.44225895523 1.43320198088 1.24785800989 0.827948191120 1.40818343769 1.49764132150 1.29884017905 1.35181622391 1.54923416346 1.69538127048 1.27640058199 0.341541338057 0.374592789276 0.659339110185 0.669588490201 0.00326873935968 -0.705622633431 -0.813190468763 -2.13532391520 -1.20617766099 -0.553949604206 0.0459859038175 0.344905812114 0.412249813487 -0.363618455455 -0.500137707160 -1.81296770210 -2.09218708877 -1.08923327799 -0.622803333960 -0.566035375411 -0.673835178226 -0.526806208028 -0.556782824014 -0.484640823708 -0.398471668662 -0.489072101085 -0.442689452292 -0.517572371687 -0.382417178627 -0.639677757205 -0.727917773658 -0.736234177675 -0.591431228336 -0.716193313257 -0.695591533325 -0.839678631792 -0.566996752631 -0.523363105239 -0.325233201455 -0.284882016951 -0.243241825147 -0.200293594947 -0.195936440216 -0.0599148388961
# mat_a50:
9.49480977772
# mat_delta:
0.669595250711
# log_rec_dev:
 -0.287930541512 -0.305044004913 -0.319739413177 -0.333387192174 -0.347007870274 -0.360904370693 -0.373072376652 -0.383677942424 -0.393194331767 -0.400517156868 -0.403933390567 -0.402848944737 -0.395727808115 -0.380162443954 -0.353828316687 -0.313777315449 -0.257185191308 -0.183051909164 -0.0954129781140 -0.00837118763067 0.0584708062634 0.108847755228 2.95057175270 0.322002308388 0.336463743980 2.95258755859 0.226732958849 0.423031753872 0.852301913263 0.446365177205 0.491278926079 1.17808707117 0.604329856666 0.0382872655226 -0.285076453421 -0.248663298729 -0.414181594234 -0.708739342569 -0.850850437638 -0.940820378773 -1.00525278702 -1.01978683686 -0.844050804035 -0.398947744182 -0.666484724712 -0.792991793790 -0.755347301181 -0.508636818356 -0.479999106896 -0.437558576213 -0.0665229296554 0.340732274117 0.273200160215 0.719379495552 0.479090095370 0.249465222590 -0.450439030620 -0.271693736806 -0.245579940078 -0.123972236553 -0.329676492262 0.489623891606 0.581610052717 0.0526507105263 0.267315156691 0.975916311329 0.500694419960 0.927530914718 0.323569483439 0.700661591865 -0.190454428160 0.313179937135 0.0124766917666 0.850674505999 0.531279971249 0.970356190192 -0.0742199198828 0.658288203894 -0.376842364696 0.556572711929 0.209052281386 0.380314101433 -0.117176470191 1.06201522466 0.393479583998 0.00911838125167 0.00344300140100
# log_q_srv1:
0.596046160290
# log_q_srv2:
0.00000000000
# cv_cpue:
0.00000000000
# logm:
-2.58773042810
# mF50:
0.0704762215421
# mF40:
0.100159369367
# mF35:
0.120192970043
