#Species name here:
Model_1_goa_pop_2021.dat
#SSL Species?
0
#Constant buffer of Dorn?
0
#Number of fisheries?
1
#Number of sexes?
1
#5year_Average_F(endyr-4,endyr_as_estimated_by_ADmodel)
0.0622706
#_Author_F_as_fraction_F_40%
1
#ABC SPR
0.4
#MSY SPR
0.35
#_Spawn_month
5
#_Number_of_ages
28
#_F_ratio(must_sum_to_one_only_one_fishery)
1
#_Natural_Mortality 2 3 4 5 6 7 8 9 10 11 12 13 14 15 16 17 18 19 20 21 22 23 24 25 26 27 28 29
 0.0751905 0.0751905 0.0751905 0.0751905 0.0751905 0.0751905 0.0751905 0.0751905 0.0751905 0.0751905 0.0751905 0.0751905 0.0751905 0.0751905 0.0751905 0.0751905 0.0751905 0.0751905 0.0751905 0.0751905 0.0751905 0.0751905 0.0751905 0.0751905 0.0751905 0.0751905 0.0751905 0.0751905
#_Maturity_divided_by_2(projection_program_uses_to_get_female_spawning_biomass_if_divide_by_2 2 3 4 5 6 7 8 9 10 11 12 13 14 15 16 17 18 19 20 21 22 23 24 25 26 27 28 29
 0.00657105 0.0127563 0.0246193 0.0469894 0.0878553 0.158356 0.268761 0.417919 0.583771 0.732603 0.842568 0.9127 0.953321 0.975547 0.987331 0.993474 0.996649 0.998282 0.99912 0.999549 0.999769 0.999882 0.999939 0.999969 0.999984 0.999992 0.999996 0.999998
#_Wt_at_age_spawners 2 3 4 5 6 7 8 9 10 11 12 13 14 15 16 17 18 19 20 21 22 23 24 25 26 27 28 29
 44.2 98.5 167.4 243.7 321.6 397 467.2 530.8 587.3 636.7 679.3 715.7 746.6 772.7 794.6 813 828.2 840.9 851.5 860.2 867.5 873.4 878.4 882.4 885.8 888.6 890.8 897.1
#_Wt_at_age_fishery 2 3 4 5 6 7 8 9 10 11 12 13 14 15 16 17 18 19 20 21 22 23 24 25 26 27 28 29
 44.2 98.5 167.4 243.7 321.6 397 467.2 530.8 587.3 636.7 679.3 715.7 746.6 772.7 794.6 813 828.2 840.9 851.5 860.2 867.5 873.4 878.4 882.4 885.8 888.6 890.8 897.1
#_Selectivity_fishery_scaled_to_max_at_one 2 3 4 5 6 7 8 9 10 11 12 13 14 15 16 17 18 19 20 21 22 23 24 25 26 27 28 29
 0.000831333 0.00966626 0.0366387 0.0877635 0.163485 0.259757 0.369816 0.485862 0.600333 0.706725 0.800021 0.876819 0.935248 0.974766 0.995907 1 0.988913 0.96483 0.930064 0.886913 0.837555 0.783978 0.727939 0.670941 0.614233 0.558821 0.505484 0.454798
#_Numbers_at_age_end_year 2 3 4 5 6 7 8 9 10 11 12 13 14 15 16 17 18 19 20 21 22 23 24 25 26 27 28 29
 85.1914 79.4663 108.192 195.386 55.4331 83.7187 64.4093 82.7225 29.3252 74.0095 31.74 80.2048 45.8679 55.9508 21.4506 25.7145 13.8201 30.05 18.4386 30.2469 17.7182 25.5768 11.2926 8.16545 12.4241 10.1787 4.04412 51.0459
#_N_recruitment_years
41
#_Recruitment_start_at_1977_yearclass=1979_for_age_2_recruits 1979 1980 1981 1982 1983 1984 1985 1986 1987 1988 1989 1990 1991 1992 1993 1994 1995 1996 1997 1998 1999 2000 2001 2002 2003 2004 2005 2006 2007 2008 2009 2010 2011 2012 2013 2014 2015 2016 2017 2018 2019
 43.5963 38.4157 39.8894 51.0508 52.5339 54.8114 79.4346 119.365 111.571 174.31 137.078 108.954 54.11 64.7002 66.412 74.9998 61.0554 138.529 151.876 89.4883 110.916 225.287 140.071 214.646 117.334 171.078 70.1758 116.122 85.9645 198.767 144.422 224.038 78.8256 163.98 58.2425 148.121 104.638 124.185 75.5112 245.543 125.831
#_Spawners per recruitment (starting at 1977)
 39.5031 35.2761 36.0357 36.471 35.6516 34.8039 36.1519 38.891 42.0831 46.4332 50.4957 53.8187 55.8073 57.1107 59.067 65.2514 73.5102 85.435 98.9599 111.358 121.509 128.997 134.453 137.598 140.292 143.151 146.882 152.66 159.713 168.41 177.583 187.964 198.918 208.959 216.295 222.361 226.67 231.191 234.175 237.483 239.264 240.059 239.186
