# Number of parameters = 169 Objective function value = 253.799391577273  Maximum gradient component = 4.58159542884144e-05
# log_mean_rec:
4.45356061945
# sigr:
0.756520000000
# a50:
2.52293619240
# delta:
5.02634396885
# a502:
6.29816857366
# delta2:
1.95739624389
# a503:
2.75271220483
# delta3:
8.94561176351
# a50_srv1:
5.45125729698
# delta_srv1:
5.76110881503
# a50_srv2:
7.30000000000
# delta_srv2:
3.80000000000
# log_avg_F:
-2.59705941325
# log_F_devs:
 -0.813320197683 0.437959809247 1.04050164900 1.69168145102 2.24408019767 1.82383949507 1.46078860174 1.44576537728 1.25877515084 0.837028205075 1.42325887891 1.51874736889 1.32055055391 1.36835548018 1.55945586245 1.70544462438 1.28463095285 0.346328760328 0.377415313763 0.659861343959 0.667543141212 -0.000554600028350 -0.709753274084 -0.816920410992 -2.13858412360 -1.20889082520 -0.556100812563 0.0443453829157 0.343271707534 0.409970053124 -0.366195617919 -0.501945527540 -1.81272031837 -2.08902208472 -1.08430852872 -0.613787341902 -0.556642291871 -0.664163360443 -0.516884471055 -0.546876121044 -0.475769591256 -0.390693871568 -0.482583007528 -0.438348097233 -0.515552813197 -0.382909135810 -0.654234921745 -0.744301204073 -0.754070767514 -0.610621285045 -0.736270721865 -0.716030653655 -0.859956762289 -0.586727835323 -0.542448870623 -0.343705325518 -0.303251370686 -0.261539206206 -0.218639990324 -0.213454216005 -0.0494012986346 -0.000103700579531 0.00768458355341
# mat_a50:
9.49480977018
# mat_delta:
0.669595255615
# log_rec_dev:
 -0.287211776366 -0.304305044695 -0.319064772044 -0.332813752171 -0.346538555888 -0.360548785233 -0.372874751669 -0.383661773324 -0.393414148827 -0.401034030082 -0.404850497995 -0.404257320170 -0.397776279474 -0.383020894937 -0.357741470734 -0.319006674784 -0.264061656973 -0.191749446917 -0.105633258716 -0.0185770746104 0.0514452805288 0.107691519522 2.91943916548 0.327170498581 0.335900767756 2.94715716891 0.226983698624 0.424854152047 0.848710722424 0.451256751192 0.492196317990 1.17989118864 0.598112715608 0.0429230657108 -0.276831145849 -0.248879982049 -0.411917382118 -0.697704558867 -0.837704330041 -0.927254785767 -0.990917251472 -1.00406501832 -0.830620409476 -0.397672142462 -0.656654064660 -0.782006865247 -0.746029133696 -0.506081844642 -0.487571691376 -0.419839921397 -0.0509288209793 0.359567652733 0.274569967068 0.705675408649 0.467502860517 0.243456581445 -0.421898952487 -0.258276722907 -0.258956861105 -0.102258877837 -0.324410250791 0.531524650327 0.585908797463 0.0721285978257 0.300796275879 0.994979617219 0.517123534549 0.957806702501 0.346267054625 0.736758285649 -0.165615046599 0.337358740915 0.0268455848166 0.830683492198 0.516674201422 0.963152986516 -0.0391833554683 0.715108198620 -0.263799008323 0.573472078609 0.226979421765 0.246325028600 -0.261127161564 0.872267294043 0.452565950821 -0.0569030877700 -0.137294831391 2.14404675347e-07 -1.43975675826e-08
# log_q_srv1:
0.570407671653
# log_q_srv2:
0.00000000000
# cv_cpue:
0.00000000000
# logm:
-2.58698121876
# mF50:
0.0701753254031
# mF40:
0.0996381404293
# mF35:
0.119494132362
