#Species name here:
Model_1_goa_pop_2023.dat
#SSL Species?
0
#Constant buffer of Dorn?
0
#Number of fisheries?
1
#Number of sexes?
1
#5year_Average_F(endyr-4,endyr_as_estimated_by_ADmodel)
0.0660033
#_Author_F_as_fraction_F_40%
1
#ABC SPR
0.4
#MSY SPR
0.35
#_Spawn_month
5
#_Number_of_ages
28
#_F_ratio(must_sum_to_one_only_one_fishery)
1
#_Natural_Mortality 2 3 4 5 6 7 8 9 10 11 12 13 14 15 16 17 18 19 20 21 22 23 24 25 26 27 28 29
 0.0748345 0.0748345 0.0748345 0.0748345 0.0748345 0.0748345 0.0748345 0.0748345 0.0748345 0.0748345 0.0748345 0.0748345 0.0748345 0.0748345 0.0748345 0.0748345 0.0748345 0.0748345 0.0748345 0.0748345 0.0748345 0.0748345 0.0748345 0.0748345 0.0748345 0.0748345 0.0748345 0.0748345
#_Maturity_divided_by_2(projection_program_uses_to_get_female_spawning_biomass_if_divide_by_2 2 3 4 5 6 7 8 9 10 11 12 13 14 15 16 17 18 19 20 21 22 23 24 25 26 27 28 29
 0.00657105 0.0127563 0.0246193 0.0469894 0.0878553 0.158356 0.268761 0.417919 0.583771 0.732603 0.842568 0.9127 0.953321 0.975547 0.987331 0.993474 0.996649 0.998282 0.99912 0.999549 0.999769 0.999882 0.999939 0.999969 0.999984 0.999992 0.999996 0.999998
#_Wt_at_age_spawners 2 3 4 5 6 7 8 9 10 11 12 13 14 15 16 17 18 19 20 21 22 23 24 25 26 27 28 29
 44.3 98.3 166.7 242.5 320 395 464.9 528.2 584.5 633.8 676.3 712.7 743.6 769.7 791.7 810 825.4 838.1 848.7 857.5 864.7 870.8 875.7 879.8 883.2 886 888.3 894.6
#_Wt_at_age_fishery 2 3 4 5 6 7 8 9 10 11 12 13 14 15 16 17 18 19 20 21 22 23 24 25 26 27 28 29
 44.3 98.3 166.7 242.5 320 395 464.9 528.2 584.5 633.8 676.3 712.7 743.6 769.7 791.7 810 825.4 838.1 848.7 857.5 864.7 870.8 875.7 879.8 883.2 886 888.3 894.6
#_Selectivity_fishery_scaled_to_max_at_one 2 3 4 5 6 7 8 9 10 11 12 13 14 15 16 17 18 19 20 21 22 23 24 25 26 27 28 29
 0.000821583 0.00956315 0.0362809 0.0869798 0.162157 0.257848 0.367381 0.483029 0.597278 0.703651 0.797128 0.874288 0.933226 0.973364 0.995192 1 0.989622 0.966212 0.93206 0.889449 0.840546 0.787336 0.731574 0.674768 0.618173 0.562802 0.509443 0.458682
#_Numbers_at_age_end_year 2 3 4 5 6 7 8 9 10 11 12 13 14 15 16 17 18 19 20 21 22 23 24 25 26 27 28 29
 86.0424 80.1793 65.4829 66.7352 106.664 155.532 42.8778 66.6961 57.9602 73.9285 27.1974 66.0102 26.4662 64.9229 36.0714 43.8521 17.15 20.9468 11.1516 24.8728 15.0341 25.0867 14.5384 21.2153 9.55841 6.8529 10.3492 55.0509
#_N_recruitment_years
43
#_Recruitment_start_at_1977_yearclass=1979_for_age_2_recruits 1979 1980 1981 1982 1983 1984 1985 1986 1987 1988 1989 1990 1991 1992 1993 1994 1995 1996 1997 1998 1999 2000 2001 2002 2003 2004 2005 2006 2007 2008 2009 2010 2011 2012 2013 2014 2015 2016 2017 2018 2019 2020 2021
 43.7914 38.6161 40.0649 51.0606 52.0345 55.7334 80.8543 121.973 111.789 173.572 135.239 109.17 55.769 65.9078 65.8181 77.1476 61.6246 145.713 153.901 92.0609 116.011 232.848 144.418 225.534 122.134 182.02 73.2104 122.836 89.4939 202.99 147.751 234.951 84.5876 186.501 68.0982 164.703 115.511 119.653 69.713 230.704 145.22 83.806 76.1109
#_Spawners per recruitment (starting at 1977)
 39.6174 35.4106 36.2066 36.6789 35.8944 35.0773 36.4536 39.2177 42.4301 46.7992 50.8787 54.217 56.2215 57.5501 59.5556 65.8181 74.1649 86.1678 99.738 112.148 122.306 129.834 135.38 138.667 141.563 144.705 148.81 155.05 162.645 171.967 181.858 193.059 204.908 215.877 224.125 231.028 236.07 241.224 244.788 248.716 251.247 253.003 253.277 251.888 249.526
