# Number of parameters = 170 Objective function value = 267.554948041088  Maximum gradient component = 0.000131691747774131
# log_mean_rec:
4.44747423353
# sigr:
0.765309855953
# a50:
2.52318928981
# delta:
5.03319961658
# a502:
6.29236522790
# delta2:
1.95287048311
# a503:
2.79870692720
# delta3:
9.68097071147
# a50_srv1:
5.48498639392
# delta_srv1:
5.82001628437
# a50_srv2:
7.30000000000
# delta_srv2:
3.80000000000
# log_avg_F:
-2.61184350649
# log_F_devs:
 -0.804283899849 0.448828742367 1.05378810511 1.70706004800 2.26031431663 1.83994507966 1.47758365363 1.46265454422 1.27543003186 0.853374936371 1.43950249965 1.53502487739 1.33679642454 1.38469788677 1.57606815353 1.72251539804 1.30235754080 0.364582754023 0.396190223780 0.679372169264 0.687975025384 0.0205914578185 -0.688359567254 -0.795523906862 -2.11727734091 -1.18778751181 -0.535291370244 0.0647924407731 0.363189565761 0.429124076649 -0.348886099210 -0.486755359445 -1.79973377347 -2.07815524129 -1.07515318573 -0.606155895783 -0.550871864691 -0.660176815552 -0.514615396923 -0.546411719848 -0.477192621925 -0.394234158900 -0.488412748960 -0.446833911935 -0.527087458510 -0.397767181533 -0.667451724703 -0.759486697560 -0.771513753829 -0.630858108588 -0.759759728479 -0.742608163128 -0.889419353447 -0.618516009505 -0.576341099467 -0.379668376155 -0.341813669325 -0.303408646260 -0.265720679409 -0.266016184061 -0.109104546767 -0.0662575389260 -0.00685082815736
# mat_a50:
9.49480977752
# mat_delta:
0.669595256947
# log_rec_dev:
 -0.300769692063 -0.318249196915 -0.333327840516 -0.347359567851 -0.361350007314 -0.375617356141 -0.388127577417 -0.399078204282 -0.408971671213 -0.416685427382 -0.420546254655 -0.419946024986 -0.413381089037 -0.398458236437 -0.372868540144 -0.333667155846 -0.277965443493 -0.204544961443 -0.116754771844 -0.0273579687530 0.0454456870748 0.104853529148 2.91256403993 0.333187252935 0.340795661508 2.94476032149 0.228419388846 0.425052735105 0.846136058500 0.446531128229 0.489947233012 1.17499981035 0.600088545911 0.0382293272632 -0.285123192787 -0.253170866013 -0.416975291089 -0.708238573569 -0.850600849910 -0.941364780245 -1.00574394032 -1.01911941382 -0.844048530333 -0.405336662037 -0.668248583335 -0.794083287858 -0.757367197447 -0.514451060805 -0.494476598378 -0.424708323486 -0.0491981077574 0.364468727588 0.274515029461 0.717777028565 0.472389927790 0.255931901377 -0.417313786241 -0.248789036084 -0.249884765462 -0.0873990492511 -0.315086800932 0.551451346188 0.611236953879 0.0972364128195 0.331184312496 1.03498399288 0.546205053510 1.00388254698 0.382392970608 0.784181451142 -0.139436400696 0.379964788346 0.0444902494671 0.830749712883 0.512367243904 0.969001303880 -0.0318372927222 0.769252917603 -0.218743125303 0.745461270713 0.368936556026 0.315627948317 -0.272696714117 0.827731948313 0.416389345564 -0.0857784144654 -0.143011230923 0.00354528451347 0.00200180932974
# log_q_srv1:
0.553563133395
# log_q_srv2:
0.00000000000
# cv_cpue:
0.00000000000
# logm:
-2.59934383550
# mF50:
0.0692181566028
# mF40:
0.0989946633530
# mF35:
0.119224341916
