# Number of parameters = 169 Objective function value = 261.603122681673  Maximum gradient component = 8.23792812510365e-05
# log_mean_rec:
6.63458047290
# sigr:
0.488220950904
# a50:
2.62394877203
# delta:
5.45010351275
# a502:
6.31722111328
# delta2:
1.79284335736
# a503:
3.19552691818
# delta3:
14.4761307918
# a50_srv1:
9.81495249932
# delta_srv1:
8.17424451109
# a50_srv2:
7.30000000000
# delta_srv2:
3.80000000000
# log_avg_F:
-3.69473018578
# log_F_devs:
 -0.340737971995 1.02724876235 1.73802805827 2.32880448389 2.74515809395 2.23239327830 1.76999402014 1.65573859252 1.38696498802 0.915952289969 1.44854560439 1.44563357967 1.13296033488 1.05663531168 1.08506079345 1.02390809899 0.470158564306 -0.517208117464 -0.476841136452 -0.200339342118 -0.208843543865 -0.858932327135 -1.50495856608 -1.53356942258 -2.77067623681 -1.76250499144 -1.04946169238 -0.413118329588 -0.101638635024 -0.0287393600290 -0.786854454935 -0.885783076811 -2.15194257646 -2.37510980908 -1.32066735546 -0.733434932485 -0.654040731748 -0.742446411929 -0.580632457324 -0.597734792684 -0.515057805782 -0.419971752376 -0.499616365851 -0.445594489608 -0.514551320103 -0.375020344404 -0.164323705666 -0.238718350602 -0.231845152240 -0.0762975088373 -0.191455139240 -0.162037877632 -0.297797247777 -0.0155710913410 0.0351126196332 0.237940287846 0.278526640930 0.319753731084 0.360165980579 0.361071794769 0.516962397888 0.557903265241 0.613437101582
# mat_a50:
9.49480976327
# mat_delta:
0.669595258283
# log_rec_dev:
 -0.0642853471259 -0.0753464844685 -0.0874970833555 -0.100864021398 -0.115828861159 -0.132708052907 -0.151024392968 -0.170601744543 -0.191866287377 -0.214320954855 -0.236938060888 -0.259302219705 -0.280315416165 -0.298089764700 -0.310663441211 -0.315183564730 -0.308046835524 -0.284758174749 -0.239394431318 -0.163448703871 -0.0397079980908 0.178620534126 0.591110254378 0.854812040789 0.657558946831 1.36048963529 0.273149207698 -0.0596334932993 -0.100222674319 -0.101988255955 0.0762163062713 0.350235676157 0.181865122750 -0.160502507548 -0.348729504222 -0.310378469269 -0.314341668351 -0.423428641294 -0.504080422284 -0.571670793762 -0.625693135157 -0.644826382662 -0.546567077687 -0.340310607740 -0.486570842901 -0.582137705629 -0.565075392466 -0.425173675894 -0.389652211628 -0.311819729586 -0.00297999973613 0.359793095395 0.319541538892 0.684642375586 0.439184577505 0.150578546844 -0.317234596741 -0.293819400867 -0.287100509236 -0.173393345370 -0.260675914672 0.383571363414 0.480391130611 0.0581573750195 0.226579298335 0.869294349838 0.471997525098 0.809305402055 0.309875490908 0.554850672559 -0.103787525325 0.171424126578 -0.00632178668355 0.595414767444 0.383782901069 0.701709288986 0.00217960840051 0.477428467427 -0.128036197893 0.455538484485 0.188292731544 0.111676146219 -0.227988201648 0.391933389860 0.120512726771 -0.0969358791039 -0.127120462752 0.00435198027487 0.00230258162707
# log_q_srv1:
-0.104220569092
# log_q_srv2:
0.00000000000
# cv_cpue:
0.00000000000
# logm:
-1.77195684193
# mF50:
0.280441926612
# mF40:
0.433320055185
# mF35:
0.543183419651
