#Species name here:
Model_1_goa_pop_2023.dat
#SSL Species?
0
#Constant buffer of Dorn?
0
#Number of fisheries?
1
#Number of sexes?
1
#5year_Average_F(endyr-4,endyr_as_estimated_by_ADmodel)
0.0404583
#_Author_F_as_fraction_F_40%
1
#ABC SPR
0.4
#MSY SPR
0.35
#_Spawn_month
5
#_Number_of_ages
28
#_F_ratio(must_sum_to_one_only_one_fishery)
1
#_Natural_Mortality 2 3 4 5 6 7 8 9 10 11 12 13 14 15 16 17 18 19 20 21 22 23 24 25 26 27 28 29
 0.17 0.17 0.17 0.17 0.17 0.17 0.17 0.17 0.17 0.17 0.17 0.17 0.17 0.17 0.17 0.17 0.17 0.17 0.17 0.17 0.17 0.17 0.17 0.17 0.17 0.17 0.17 0.17
#_Maturity_divided_by_2(projection_program_uses_to_get_female_spawning_biomass_if_divide_by_2 2 3 4 5 6 7 8 9 10 11 12 13 14 15 16 17 18 19 20 21 22 23 24 25 26 27 28 29
 0.00657105 0.0127563 0.0246193 0.0469894 0.0878553 0.158356 0.268761 0.417919 0.583771 0.732603 0.842568 0.9127 0.953321 0.975547 0.987331 0.993474 0.996649 0.998282 0.99912 0.999549 0.999769 0.999882 0.999939 0.999969 0.999984 0.999992 0.999996 0.999998
#_Wt_at_age_spawners 2 3 4 5 6 7 8 9 10 11 12 13 14 15 16 17 18 19 20 21 22 23 24 25 26 27 28 29
 44.3 98.3 166.7 242.5 320 395 464.9 528.2 584.5 633.8 676.3 712.7 743.6 769.7 791.7 810 825.4 838.1 848.7 857.5 864.7 870.8 875.7 879.8 883.2 886 888.3 894.6
#_Wt_at_age_fishery 2 3 4 5 6 7 8 9 10 11 12 13 14 15 16 17 18 19 20 21 22 23 24 25 26 27 28 29
 44.3 98.3 166.7 242.5 320 395 464.9 528.2 584.5 633.8 676.3 712.7 743.6 769.7 791.7 810 825.4 838.1 848.7 857.5 864.7 870.8 875.7 879.8 883.2 886 888.3 894.6
#_Selectivity_fishery_scaled_to_max_at_one 2 3 4 5 6 7 8 9 10 11 12 13 14 15 16 17 18 19 20 21 22 23 24 25 26 27 28 29
 0.000297887 0.00317952 0.0119424 0.0292493 0.0566739 0.0946866 0.142816 0.199874 0.264183 0.333785 0.406615 0.480634 0.553935 0.624808 0.691781 0.753648 0.809463 0.858539 0.900429 0.934901 0.961911 0.981579 0.994155 1 0.999554 0.993316 0.981827 0.965646
#_Numbers_at_age_end_year 2 3 4 5 6 7 8 9 10 11 12 13 14 15 16 17 18 19 20 21 22 23 24 25 26 27 28 29
 762.714 644.787 476.901 414.463 434.068 479.28 216.704 255.321 230.752 251.762 117.028 178.218 91.8948 153.089 92.0321 93.813 42.3467 41.6402 26.0166 41.3489 26.6226 36.087 21.1845 25.9176 11.2029 7.77902 9.75122 29.8866
#_N_recruitment_years
43
#_Recruitment_start_at_1977_yearclass=1979_for_age_2_recruits 1979 1980 1981 1982 1983 1984 1985 1986 1987 1988 1989 1990 1991 1992 1993 1994 1995 1996 1997 1998 1999 2000 2001 2002 2003 2004 2005 2006 2007 2008 2009 2010 2011 2012 2013 2014 2015 2016 2017 2018 2019 2020 2021
 467.785 425.15 432.467 497.406 515.392 557.109 758.695 1090.48 1047.46 1509.03 1180.58 884.621 554.1 567.228 571.052 639.82 586.343 1116.72 1230.25 806.527 954.473 1815.06 1219.97 1709.38 1037.38 1325.35 685.942 903.255 756.164 1380.22 1116.96 1535.01 762.62 1226.61 669.509 1200.05 918.621 850.868 605.826 1126.1 858.42 690.658 670.122
#_Spawners per recruitment (starting at 1977)
 267.955 266.076 267.809 267.748 265.31 262.212 261.105 261.472 262.537 265.018 267.505 270.132 273.349 279.086 289.803 309.663 336.065 368.703 402.186 430.089 448.427 456.334 456.347 451.622 447.459 447.209 452.962 465.899 484.313 507.676 533.808 561.446 587.063 606.534 616.885 620.288 618.445 616.19 613.862 613.8 613.045 610.732 605.279 596.634 585.985
