# Number of parameters = 169 Objective function value = 252.703054421962  Maximum gradient component = 3.19109583984540e-05
# log_mean_rec:
6.22074714613
# sigr:
0.506217969385
# a50:
2.59242680925
# delta:
5.27706565310
# a502:
6.32255955186
# delta2:
1.82433156941
# a503:
3.09365259558
# delta3:
13.0738179871
# a50_srv1:
8.76494567581
# delta_srv1:
7.53317712775
# a50_srv2:
7.30000000000
# delta_srv2:
3.80000000000
# log_avg_F:
-3.51604682077
# log_F_devs:
 -0.373170272371 0.995677554778 1.70706258816 2.30963017230 2.76218605385 2.28418377616 1.84966773014 1.75838495848 1.50706477616 1.04321734232 1.58404567309 1.59695249536 1.29624816637 1.22661113294 1.26036405024 1.20178321670 0.631860759067 -0.373192563572 -0.354576004430 -0.0985626537948 -0.125658312363 -0.792598387621 -1.45198065106 -1.49035510388 -2.73716448738 -1.73789809821 -1.03002794802 -0.394189117156 -0.0791426103174 0.00225117043755 -0.745938722375 -0.833094442376 -2.08747041223 -2.30483599327 -1.25529275614 -0.695615529464 -0.617708607105 -0.708840835600 -0.550201780346 -0.570677789685 -0.491448163387 -0.399700006626 -0.482970313108 -0.432189431294 -0.504225401888 -0.367547735702 -0.311087987081 -0.388412466954 -0.384731831861 -0.231986253794 -0.349901363089 -0.323029976701 -0.461201666752 -0.181339705363 -0.132690645805 0.0684448187863 0.107564370507 0.147342562867 0.186170992666 0.185608613841 0.340017616480 0.379495014675 0.418819473584
# mat_a50:
9.49480975117
# mat_delta:
0.669595261672
# log_rec_dev:
 -0.0895759204119 -0.102695164732 -0.116638071044 -0.131548092245 -0.147830417346 -0.165789892836 -0.184681342261 -0.204344233154 -0.225182403090 -0.246558846897 -0.267327737785 -0.287014064582 -0.304427003835 -0.317591281767 -0.324448285908 -0.322022204426 -0.306541730446 -0.273301709514 -0.216195590837 -0.126707631058 0.0121566515962 0.248336912797 0.703879109367 1.11363531138 0.616841265606 1.55424788337 0.266354220676 -0.0325586824790 -0.0726636985580 -0.0917978606514 0.0793540588746 0.349472273161 0.162395863584 -0.181789986725 -0.364931720866 -0.316271231547 -0.311452543567 -0.407176280413 -0.469009904206 -0.524954765782 -0.570565793685 -0.594305573250 -0.537441442297 -0.427307469559 -0.495079239195 -0.543444090237 -0.565878649225 -0.467953371705 -0.423256724083 -0.352927013355 -0.0596632610325 0.302385579031 0.254158168821 0.497826030425 0.517713832738 0.191929493164 -0.385217109805 -0.311929983751 -0.300866528025 -0.194298052386 -0.284835634476 0.379677968727 0.466148849551 0.0433960959152 0.224469037692 0.863580620796 0.467646374731 0.816478358762 0.315761612796 0.563686883569 -0.104723949331 0.179661290903 -0.000114557893806 0.606913101112 0.394680204343 0.718852390550 0.00483922039052 0.500270718981 -0.125295464333 0.487280513657 0.220592557639 0.141475112880 -0.209424508977 0.450301300435 0.166557714053 -0.0827622351365 -0.112505168909 0.00342045601329 0.00187570504290
# log_q_srv1:
-0.0293758583420
# log_q_srv2:
0.00000000000
# cv_cpue:
0.00000000000
# logm:
-1.89711998489
# mF50:
0.196989984606
# mF40:
0.300550353250
# mF35:
0.374580701179
