#Species name here:
Model_1_goa_pop_2023.dat
#SSL Species?
0
#Constant buffer of Dorn?
0
#Number of fisheries?
1
#Number of sexes?
1
#5year_Average_F(endyr-4,endyr_as_estimated_by_ADmodel)
0.0403865
#_Author_F_as_fraction_F_40%
1
#ABC SPR
0.4
#MSY SPR
0.35
#_Spawn_month
5
#_Number_of_ages
28
#_F_ratio(must_sum_to_one_only_one_fishery)
1
#_Natural_Mortality 2 3 4 5 6 7 8 9 10 11 12 13 14 15 16 17 18 19 20 21 22 23 24 25 26 27 28 29
 0.15 0.15 0.15 0.15 0.15 0.15 0.15 0.15 0.15 0.15 0.15 0.15 0.15 0.15 0.15 0.15 0.15 0.15 0.15 0.15 0.15 0.15 0.15 0.15 0.15 0.15 0.15 0.15
#_Maturity_divided_by_2(projection_program_uses_to_get_female_spawning_biomass_if_divide_by_2 2 3 4 5 6 7 8 9 10 11 12 13 14 15 16 17 18 19 20 21 22 23 24 25 26 27 28 29
 0.00657105 0.0127563 0.0246193 0.0469894 0.0878553 0.158356 0.268761 0.417919 0.583771 0.732603 0.842568 0.9127 0.953321 0.975547 0.987331 0.993474 0.996649 0.998282 0.99912 0.999549 0.999769 0.999882 0.999939 0.999969 0.999984 0.999992 0.999996 0.999998
#_Wt_at_age_spawners 2 3 4 5 6 7 8 9 10 11 12 13 14 15 16 17 18 19 20 21 22 23 24 25 26 27 28 29
 44.3 98.3 166.7 242.5 320 395 464.9 528.2 584.5 633.8 676.3 712.7 743.6 769.7 791.7 810 825.4 838.1 848.7 857.5 864.7 870.8 875.7 879.8 883.2 886 888.3 894.6
#_Wt_at_age_fishery 2 3 4 5 6 7 8 9 10 11 12 13 14 15 16 17 18 19 20 21 22 23 24 25 26 27 28 29
 44.3 98.3 166.7 242.5 320 395 464.9 528.2 584.5 633.8 676.3 712.7 743.6 769.7 791.7 810 825.4 838.1 848.7 857.5 864.7 870.8 875.7 879.8 883.2 886 888.3 894.6
#_Selectivity_fishery_scaled_to_max_at_one 2 3 4 5 6 7 8 9 10 11 12 13 14 15 16 17 18 19 20 21 22 23 24 25 26 27 28 29
 0.000424065 0.00445497 0.0164689 0.0396987 0.0757055 0.124484 0.184792 0.254532 0.331109 0.41173 0.493636 0.574271 0.651388 0.723111 0.787961 0.844854 0.893074 0.93224 0.962264 0.983302 0.995711 1 0.996795 0.986798 0.970757 0.949442 0.923618 0.894029
#_Numbers_at_age_end_year 2 3 4 5 6 7 8 9 10 11 12 13 14 15 16 17 18 19 20 21 22 23 24 25 26 27 28 29
 504.023 434.48 332.963 295.027 325.29 370.68 164.117 199.167 183.707 203.849 93.6366 147.969 76.0387 130.701 79.4198 82.4128 37.6608 37.7822 23.8277 38.9782 25.518 35.3359 20.9278 26.099 11.5577 8.08984 10.3592 35.7448
#_N_recruitment_years
43
#_Recruitment_start_at_1977_yearclass=1979_for_age_2_recruits 1979 1980 1981 1982 1983 1984 1985 1986 1987 1988 1989 1990 1991 1992 1993 1994 1995 1996 1997 1998 1999 2000 2001 2002 2003 2004 2005 2006 2007 2008 2009 2010 2011 2012 2013 2014 2015 2016 2017 2018 2019 2020 2021
 306.638 292.16 285.679 315.07 329.472 353.478 473.941 680.708 648.658 827.636 844.26 609.523 342.246 368.27 372.367 414.241 378.385 735.408 801.83 525.391 629.683 1193.12 803.031 1138.23 689.874 883.98 453.059 602.091 503.021 923.029 746.524 1032.36 505.519 829.662 443.834 818.954 627.247 579.533 408.023 789.223 594.253 463.119 449.548
#_Spawners per recruitment (starting at 1977)
 186.909 187.987 193.381 197.541 199.558 200.745 203.397 206.786 210.09 214.164 217.717 220.722 223.254 226.789 233.433 247.293 265.982 290.131 315.815 338.258 354.531 363.5 366.49 365.209 363.793 364.806 370.048 380.836 395.886 415.042 436.533 459.759 482.132 500.209 511.176 516.75 517.801 518.241 517.843 518.996 519.248 518.302 514.877 508.873 501.289
