# Number of parameters = 169 Objective function value = 257.002100340868  Maximum gradient component = 8.57571031856148e-05
# log_mean_rec:
4.83282350768
# sigr:
0.698749622588
# a50:
2.53532254416
# delta:
5.05707650019
# a502:
6.31855244413
# delta2:
1.95039577504
# a503:
2.84909277628
# delta3:
10.1933583308
# a50_srv1:
6.18830643791
# delta_srv1:
6.24829503733
# a50_srv2:
7.30000000000
# delta_srv2:
3.80000000000
# log_avg_F:
-2.79389759579
# log_F_devs:
 -0.685392391707 0.584956525167 1.20500548940 1.85528448779 2.40023043503 1.97639466854 1.60557341391 1.58448345324 1.39515080892 0.970887754927 1.55659419748 1.64988167959 1.44196968684 1.47365110785 1.63770884846 1.73795822634 1.26884487596 0.293768565246 0.299521410470 0.550271151175 0.522368379453 -0.166869566648 -0.874386980870 -0.968870712091 -2.27558405637 -1.33269706556 -0.670284698015 -0.0655613909422 0.231621428186 0.298920437544 -0.472963785345 -0.593466861378 -1.88391063615 -2.13988995245 -1.12407330818 -0.634708868484 -0.573451403844 -0.678745558396 -0.531048542157 -0.561225967043 -0.490748407945 -0.406824700094 -0.499437418812 -0.456702403769 -0.536165612820 -0.406249748251 -0.638570175567 -0.727980937770 -0.736997903554 -0.594248258500 -0.721355818318 -0.702594689249 -0.848073616521 -0.575581687251 -0.532552395261 -0.335442715652 -0.298327274737 -0.260597844878 -0.223815271655 -0.225408515529 -0.0707290720577 -0.0303841804656 0.0108740214305
# mat_a50:
9.49480973643
# mat_delta:
0.669595220680
# log_rec_dev:
 -0.238796798522 -0.256596125711 -0.272881318865 -0.288575311300 -0.304516128531 -0.321011500301 -0.336335803829 -0.350529459267 -0.364079030044 -0.375955327001 -0.384548718130 -0.389293585410 -0.388738757004 -0.380602682173 -0.362650246335 -0.331981109481 -0.285587742414 -0.221563809114 -0.141151528115 -0.0522765513976 0.0335109858526 0.122188442095 2.57720905126 0.444842612126 0.450012949299 2.63849617398 0.212680857849 0.309680828868 0.510686966738 0.281642182219 0.375659577722 0.856667579824 0.418829383142 -0.106113300587 -0.388010976591 -0.360521233249 -0.458456072951 -0.658577778098 -0.744030999726 -0.805032267006 -0.850387608293 -0.866024474850 -0.759563504235 -0.552904444522 -0.639985015249 -0.685244802961 -0.704392473082 -0.540854945613 -0.483659415143 -0.420490067826 -0.0788777169868 0.338232790024 0.219454783679 0.521831923783 0.544946820387 0.251210633713 -0.465763108019 -0.281888279689 -0.280467626977 -0.134425156967 -0.325186275408 0.496352517773 0.562403629053 0.0682546337998 0.292934275692 0.985413926184 0.515524635448 0.952900073408 0.357522939325 0.724551185742 -0.138744501780 0.321826674640 0.0254279118951 0.771965804399 0.477256413999 0.906435914742 -0.0279167441996 0.704167802659 -0.196934566634 0.689071583333 0.338822480111 0.277600972301 -0.251763126934 0.750669661288 0.358289063172 -0.0830805519585 -0.133241232460 0.00325597981278 0.00188813740120
# log_q_srv1:
0.411087061538
# log_q_srv2:
0.00000000000
# cv_cpue:
0.00000000000
# logm:
-2.40794560865
# mF50:
0.0838183586185
# mF40:
0.121552668081
# mF35:
0.147618765928
