#Species name here:
Model_1_goa_pop_2023.dat
#SSL Species?
0
#Constant buffer of Dorn?
0
#Number of fisheries?
1
#Number of sexes?
1
#5year_Average_F(endyr-4,endyr_as_estimated_by_ADmodel)
0.055191
#_Author_F_as_fraction_F_40%
1
#ABC SPR
0.4
#MSY SPR
0.35
#_Spawn_month
5
#_Number_of_ages
28
#_F_ratio(must_sum_to_one_only_one_fishery)
1
#_Natural_Mortality 2 3 4 5 6 7 8 9 10 11 12 13 14 15 16 17 18 19 20 21 22 23 24 25 26 27 28 29
 0.09 0.09 0.09 0.09 0.09 0.09 0.09 0.09 0.09 0.09 0.09 0.09 0.09 0.09 0.09 0.09 0.09 0.09 0.09 0.09 0.09 0.09 0.09 0.09 0.09 0.09 0.09 0.09
#_Maturity_divided_by_2(projection_program_uses_to_get_female_spawning_biomass_if_divide_by_2 2 3 4 5 6 7 8 9 10 11 12 13 14 15 16 17 18 19 20 21 22 23 24 25 26 27 28 29
 0.00657105 0.0127563 0.0246193 0.0469894 0.0878553 0.158356 0.268761 0.417919 0.583771 0.732603 0.842568 0.9127 0.953321 0.975547 0.987331 0.993474 0.996649 0.998282 0.99912 0.999549 0.999769 0.999882 0.999939 0.999969 0.999984 0.999992 0.999996 0.999998
#_Wt_at_age_spawners 2 3 4 5 6 7 8 9 10 11 12 13 14 15 16 17 18 19 20 21 22 23 24 25 26 27 28 29
 44.3 98.3 166.7 242.5 320 395 464.9 528.2 584.5 633.8 676.3 712.7 743.6 769.7 791.7 810 825.4 838.1 848.7 857.5 864.7 870.8 875.7 879.8 883.2 886 888.3 894.6
#_Wt_at_age_fishery 2 3 4 5 6 7 8 9 10 11 12 13 14 15 16 17 18 19 20 21 22 23 24 25 26 27 28 29
 44.3 98.3 166.7 242.5 320 395 464.9 528.2 584.5 633.8 676.3 712.7 743.6 769.7 791.7 810 825.4 838.1 848.7 857.5 864.7 870.8 875.7 879.8 883.2 886 888.3 894.6
#_Selectivity_fishery_scaled_to_max_at_one 2 3 4 5 6 7 8 9 10 11 12 13 14 15 16 17 18 19 20 21 22 23 24 25 26 27 28 29
 0.000937548 0.00956621 0.0340927 0.0789858 0.144528 0.227789 0.323876 0.427054 0.531593 0.632338 0.725037 0.806478 0.874499 0.927901 0.966322 0.990076 1 0.997304 0.983436 0.959975 0.928537 0.890704 0.847976 0.801731 0.753207 0.70349 0.653507 0.604036
#_Numbers_at_age_end_year 2 3 4 5 6 7 8 9 10 11 12 13 14 15 16 17 18 19 20 21 22 23 24 25 26 27 28 29
 125.802 115.126 91.7402 87.9817 124.458 167.04 55.3283 84.3701 80.1516 101.167 36.93 80.2255 33.9506 75.9332 43.4089 51.193 21.3331 25.2652 14.0671 29.5138 18.1432 29.2591 16.8147 23.9362 10.6474 7.55504 10.9997 51.9799
#_N_recruitment_years
43
#_Recruitment_start_at_1977_yearclass=1979_for_age_2_recruits 1979 1980 1981 1982 1983 1984 1985 1986 1987 1988 1989 1990 1991 1992 1993 1994 1995 1996 1997 1998 1999 2000 2001 2002 2003 2004 2005 2006 2007 2008 2009 2010 2011 2012 2013 2014 2015 2016 2017 2018 2019 2020 2021
 66.2105 63.2806 62.0804 73.1102 77.4137 82.4617 116.041 176.101 156.378 211.591 216.539 161.424 78.8116 94.721 94.8556 109.771 90.7072 206.268 220.352 134.435 168.302 336.379 210.261 325.618 179.531 259.142 109.298 173.235 128.799 271.725 202.366 310.834 122.108 253.913 103.12 250.109 176.205 165.741 97.6179 265.999 179.668 115.555 109.901
#_Spawners per recruitment (starting at 1977)
 48.4327 45.2959 47.2613 49.0148 49.5912 50.1213 52.7257 56.5711 60.7081 65.8858 70.6989 74.7643 77.5585 79.8212 82.972 90.703 100.773 114.681 130.138 144.268 155.837 164.307 170.268 173.612 176.491 179.834 184.558 191.911 201.083 212.407 224.668 238.414 252.721 265.713 275.298 282.788 287.758 292.413 295.265 298.445 300.222 301.259 300.885 298.979 296.219
