#Species name here:
Model_1_goa_pop_2023.dat
#SSL Species?
0
#Constant buffer of Dorn?
0
#Number of fisheries?
1
#Number of sexes?
1
#5year_Average_F(endyr-4,endyr_as_estimated_by_ADmodel)
0.116797
#_Author_F_as_fraction_F_40%
1
#ABC SPR
0.4
#MSY SPR
0.35
#_Spawn_month
5
#_Number_of_ages
28
#_F_ratio(must_sum_to_one_only_one_fishery)
1
#_Natural_Mortality 2 3 4 5 6 7 8 9 10 11 12 13 14 15 16 17 18 19 20 21 22 23 24 25 26 27 28 29
 0.03 0.03 0.03 0.03 0.03 0.03 0.03 0.03 0.03 0.03 0.03 0.03 0.03 0.03 0.03 0.03 0.03 0.03 0.03 0.03 0.03 0.03 0.03 0.03 0.03 0.03 0.03 0.03
#_Maturity_divided_by_2(projection_program_uses_to_get_female_spawning_biomass_if_divide_by_2 2 3 4 5 6 7 8 9 10 11 12 13 14 15 16 17 18 19 20 21 22 23 24 25 26 27 28 29
 0.00657105 0.0127563 0.0246193 0.0469894 0.0878553 0.158356 0.268761 0.417919 0.583771 0.732603 0.842568 0.9127 0.953321 0.975547 0.987331 0.993474 0.996649 0.998282 0.99912 0.999549 0.999769 0.999882 0.999939 0.999969 0.999984 0.999992 0.999996 0.999998
#_Wt_at_age_spawners 2 3 4 5 6 7 8 9 10 11 12 13 14 15 16 17 18 19 20 21 22 23 24 25 26 27 28 29
 44.3 98.3 166.7 242.5 320 395 464.9 528.2 584.5 633.8 676.3 712.7 743.6 769.7 791.7 810 825.4 838.1 848.7 857.5 864.7 870.8 875.7 879.8 883.2 886 888.3 894.6
#_Wt_at_age_fishery 2 3 4 5 6 7 8 9 10 11 12 13 14 15 16 17 18 19 20 21 22 23 24 25 26 27 28 29
 44.3 98.3 166.7 242.5 320 395 464.9 528.2 584.5 633.8 676.3 712.7 743.6 769.7 791.7 810 825.4 838.1 848.7 857.5 864.7 870.8 875.7 879.8 883.2 886 888.3 894.6
#_Selectivity_fishery_scaled_to_max_at_one 2 3 4 5 6 7 8 9 10 11 12 13 14 15 16 17 18 19 20 21 22 23 24 25 26 27 28 29
 0.00155103 0.0149105 0.0508226 0.113307 0.200186 0.30529 0.420625 0.538025 0.650218 0.7514 0.837434 0.905817 0.955482 0.98654 1 0.9975 0.981069 0.95293 0.915342 0.870489 0.8204 0.766893 0.711551 0.655715 0.600489 0.546749 0.49517 0.446243
#_Numbers_at_age_end_year 2 3 4 5 6 7 8 9 10 11 12 13 14 15 16 17 18 19 20 21 22 23 24 25 26 27 28 29
 21.7902 21.1733 17.6324 19.235 41.6247 66.048 13.914 31.559 28.7825 43.0768 10.0548 36.2582 10.4141 34.2955 17.1498 23.3936 8.07868 12.2954 5.03605 15.3212 8.1719 15.898 8.6225 14.1021 6.218 4.40633 7.22052 43.4749
#_N_recruitment_years
43
#_Recruitment_start_at_1977_yearclass=1979_for_age_2_recruits 1979 1980 1981 1982 1983 1984 1985 1986 1987 1988 1989 1990 1991 1992 1993 1994 1995 1996 1997 1998 1999 2000 2001 2002 2003 2004 2005 2006 2007 2008 2009 2010 2011 2012 2013 2014 2015 2016 2017 2018 2019 2020 2021
 15.4391 13.7675 14.2267 20.2503 19.1391 19.7197 29.1985 44.124 38.2489 62.5573 47.4341 41.3579 17.8174 24.7715 23.357 30.0014 20.4186 57.5187 59.5988 33.5139 43.6802 91.8256 52.2119 89.6394 42.8298 74.2782 22.4257 49.9128 29.6966 77.4298 50.8666 90.829 24.5805 76.2841 18.9082 72.803 44.0734 44.2319 18.0566 80.3192 47.9788 21.2233 18.7615
#_Spawners per recruitment (starting at 1977)
 26.402 21.3526 21.1168 20.3872 18.2026 15.8505 15.6697 16.8532 18.4744 21.2684 23.836 25.6543 25.9569 25.1524 24.354 26.8801 30.5737 37.1302 44.9686 51.9718 57.6243 61.9029 65.4334 67.5512 69.6116 71.7519 74.3347 78.4057 83.2215 89.2152 95.2922 102.463 110.394 118.078 124 129.568 133.996 138.752 141.664 144.501 145.722 146.346 146.063 144.797 143.064
