# Number of parameters = 169 Objective function value = 260.870989116653  Maximum gradient component = 6.64641188927933e-05
# log_mean_rec:
5.30307118405
# sigr:
0.652047519838
# a50:
2.54792973254
# delta:
5.10949154571
# a502:
6.29991108617
# delta2:
1.87897660293
# a503:
2.91026355673
# delta3:
10.8543697936
# a50_srv1:
6.62645735315
# delta_srv1:
6.50200852172
# a50_srv2:
7.30000000000
# delta_srv2:
3.80000000000
# log_avg_F:
-3.07065288112
# log_F_devs:
 -0.512351726086 0.777739002238 1.41869957972 2.06257049825 2.57954988944 2.13896672860 1.75301483601 1.71288270341 1.50535158282 1.06802725480 1.63702358631 1.69897451995 1.45335918682 1.44296557900 1.55016936497 1.57591091080 1.04799076156 0.0601365120566 0.0776506459874 0.337707089419 0.316437665298 -0.358722468898 -1.04488466585 -1.11802712641 -2.40082239439 -1.43448368832 -0.755271543092 -0.142476695477 0.154762797826 0.215328009322 -0.559228430924 -0.680893854118 -1.97253367618 -2.22449312275 -1.19871568674 -0.691471527398 -0.626203250542 -0.726253978725 -0.573360419947 -0.598059051247 -0.522110806244 -0.432932721164 -0.519438914121 -0.471386259792 -0.546019777975 -0.411935990281 -0.584248187009 -0.667966998780 -0.670859064817 -0.523249999673 -0.645732363303 -0.622863859097 -0.764590065247 -0.488387939777 -0.442484622172 -0.243389331606 -0.205181738243 -0.166167288919 -0.127851425350 -0.128343723062 0.0269420973717 0.0675785153868 0.123654937122
# mat_a50:
9.49480974804
# mat_delta:
0.669595266117
# log_rec_dev:
 -0.186356609788 -0.204278030759 -0.221615250444 -0.238921582749 -0.256879138571 -0.275800017334 -0.294235082655 -0.312076531227 -0.329814293432 -0.346490228662 -0.360538675234 -0.371404784784 -0.377659011332 -0.377006091642 -0.367183400504 -0.345134882875 -0.307442705218 -0.251086732433 -0.174663585774 -0.0807738818094 0.0266938177316 0.161192082439 2.12385072648 0.652530584881 0.597181754726 2.27623950232 0.223082530771 0.167022940372 0.240579611733 0.112583710862 0.241215701287 0.635145470319 0.311862750058 -0.183876801682 -0.450122865473 -0.416644758197 -0.475836882003 -0.658286075867 -0.761054094875 -0.833765252660 -0.886999565195 -0.896002192219 -0.745634658075 -0.406542054180 -0.617258128372 -0.735229013555 -0.705708706490 -0.501855527882 -0.467013886409 -0.385013855121 -0.0255375773559 0.378302800688 0.302985612744 0.720892267579 0.470804311152 0.223944784081 -0.378201278426 -0.269411310246 -0.264923511021 -0.128005477778 -0.301958326690 0.487121815303 0.558185344418 0.0731259337637 0.286021511095 0.974438108926 0.512357033064 0.936646686550 0.354426535590 0.701919250668 -0.126496585762 0.296921841997 0.0216996424308 0.742438134594 0.459207252260 0.867738440344 -0.0238472747253 0.655467856146 -0.186001281851 0.636012454742 0.299920397047 0.231993814884 -0.254440024499 0.663185099806 0.293362642777 -0.0921121598467 -0.136097738215 0.00401018169935 0.00216230816227
# log_q_srv1:
0.176688221692
# log_q_srv2:
0.00000000000
# cv_cpue:
0.00000000000
# logm:
-2.20727491319
# mF50:
0.107064719901
# mF40:
0.157801841252
# mF35:
0.193370209423
