# Number of parameters = 169 Objective function value = 293.697325850228  Maximum gradient component = 4.55159053735655e-05
# log_mean_rec:
3.06835444798
# sigr:
1.05503789172
# a50:
2.53677746889
# delta:
5.17868773451
# a502:
6.50553445090
# delta2:
2.33985229438
# a503:
2.73629268917
# delta3:
9.19089723791
# a50_srv1:
4.92393018212
# delta_srv1:
5.86872239562
# a50_srv2:
7.30000000000
# delta_srv2:
3.80000000000
# log_avg_F:
-2.02780233244
# log_F_devs:
 -1.39010799615 -0.0883517484550 0.642405376087 1.30589179506 1.83474045946 1.48136201238 1.11113691262 1.08177252636 0.909946001360 0.480872554016 1.06762399121 1.17585625002 0.994236365998 1.06320211208 1.29942671702 1.53940676272 1.23157242052 0.367694320305 0.437057685373 0.786301179252 0.896489573307 0.310855999962 -0.377252705635 -0.496726600107 -1.85412860642 -0.969583991378 -0.343590331215 0.257947670086 0.591589567752 0.718129442089 -0.0198580125422 -0.157727516448 -1.48558293771 -1.80140973464 -0.833764116783 -0.402661519650 -0.358441943420 -0.479759443760 -0.343350690856 -0.383620888693 -0.321865835084 -0.245290948804 -0.349713656912 -0.316987814414 -0.404817602829 -0.282384240122 -0.595631275567 -0.700875290791 -0.728946007242 -0.599482647372 -0.738783719040 -0.730921039367 -0.885901500330 -0.624121331897 -0.587162967678 -0.392086258844 -0.350115264582 -0.308360319100 -0.267326411834 -0.261772469625 -0.0942412502214 -0.0378210497385 0.0250101533313
# mat_a50:
9.49480977125
# mat_delta:
0.669595252385
# log_rec_dev:
 -0.535993144325 -0.546349138583 -0.552831081676 -0.557567064500 -0.561751143571 -0.565937752125 -0.567680429726 -0.567627850027 -0.566146236180 -0.562165385569 -0.554294735998 -0.542034398168 -0.524130166627 -0.498727282297 -0.464087976252 -0.418080773941 -0.358783974195 -0.285472485470 -0.199607719457 -0.104848505336 -0.00133318715753 3.50260344000 0.210861977337 0.147459866197 4.10027787451 0.123935527743 3.23239584445 0.256903063436 0.803398494515 2.09697806412 0.173320066636 2.50753545317 0.644065632725 1.22176690614 0.391082136185 0.725377477457 0.298168083067 -0.187895372432 -0.426313207156 -0.601810050793 -0.699715615061 -0.733296703499 -0.546744158280 -0.0275402246220 -0.267707728671 -0.308936476960 -0.384622821645 -0.0839870962475 -0.0718825575396 -0.0796614444541 0.299781535507 0.750977494578 0.498767230978 0.905862299627 0.891205920708 0.694789623826 -0.280320647026 0.147997819199 0.0665927559398 0.328899891075 -0.0662274944403 0.978270062533 1.01306113103 0.436171221461 0.704199213705 1.44784402185 0.882555185153 1.42428009899 0.681990553792 1.23938113205 0.0238740873569 0.844930100223 0.313504536256 1.28305669105 0.859213865026 1.44664545411 0.120514046709 1.28011360767 -0.147017942884 1.23911319091 0.729874849913 0.745541078989 -0.184647314293 1.34927806550 0.826929112522 -0.0210697569430 -0.155337756278 0.00344785842724 0.00212350865954
# log_q_srv1:
1.19875377819
# log_q_srv2:
0.00000000000
# cv_cpue:
0.00000000000
# logm:
-3.50655789732
# mF50:
0.0359656744694
# mF40:
0.0505058784265
# mF35:
0.0600556773100
