#Species name here:
Model_1_goa_pop_2023.dat
#SSL Species?
0
#Constant buffer of Dorn?
0
#Number of fisheries?
1
#Number of sexes?
1
#5year_Average_F(endyr-4,endyr_as_estimated_by_ADmodel)
0.116708
#_Author_F_as_fraction_F_40%
1
#ABC SPR
0.4
#MSY SPR
0.35
#_Spawn_month
5
#_Number_of_ages
28
#_F_ratio(must_sum_to_one_only_one_fishery)
1
#_Natural_Mortality 2 3 4 5 6 7 8 9 10 11 12 13 14 15 16 17 18 19 20 21 22 23 24 25 26 27 28 29
 0.03 0.03 0.03 0.03 0.03 0.03 0.03 0.03 0.03 0.03 0.03 0.03 0.03 0.03 0.03 0.03 0.03 0.03 0.03 0.03 0.03 0.03 0.03 0.03 0.03 0.03 0.03 0.03
#_Maturity_divided_by_2(projection_program_uses_to_get_female_spawning_biomass_if_divide_by_2 2 3 4 5 6 7 8 9 10 11 12 13 14 15 16 17 18 19 20 21 22 23 24 25 26 27 28 29
 0.00657105 0.0127563 0.0246193 0.0469894 0.0878553 0.158356 0.268761 0.417919 0.583771 0.732603 0.842568 0.9127 0.953321 0.975547 0.987331 0.993474 0.996649 0.998282 0.99912 0.999549 0.999769 0.999882 0.999939 0.999969 0.999984 0.999992 0.999996 0.999998
#_Wt_at_age_spawners 2 3 4 5 6 7 8 9 10 11 12 13 14 15 16 17 18 19 20 21 22 23 24 25 26 27 28 29
 44.3 98.3 166.7 242.5 320 395 464.9 528.2 584.5 633.8 676.3 712.7 743.6 769.7 791.7 810 825.4 838.1 848.7 857.5 864.7 870.8 875.7 879.8 883.2 886 888.3 894.6
#_Wt_at_age_fishery 2 3 4 5 6 7 8 9 10 11 12 13 14 15 16 17 18 19 20 21 22 23 24 25 26 27 28 29
 44.3 98.3 166.7 242.5 320 395 464.9 528.2 584.5 633.8 676.3 712.7 743.6 769.7 791.7 810 825.4 838.1 848.7 857.5 864.7 870.8 875.7 879.8 883.2 886 888.3 894.6
#_Selectivity_fishery_scaled_to_max_at_one 2 3 4 5 6 7 8 9 10 11 12 13 14 15 16 17 18 19 20 21 22 23 24 25 26 27 28 29
 0.00152708 0.0146731 0.0500351 0.111641 0.197444 0.301454 0.415854 0.532616 0.644553 0.745892 0.832482 0.901769 0.952616 0.985051 1 0.999022 0.984078 0.957332 0.921005 0.877249 0.828073 0.775291 0.720487 0.66501 0.609977 0.55628 0.504614 0.455489
#_Numbers_at_age_end_year 2 3 4 5 6 7 8 9 10 11 12 13 14 15 16 17 18 19 20 21 22 23 24 25 26 27 28 29
 21.5522 20.9389 17.3046 19.0874 42.6702 68.2065 13.7899 32.3785 29.1842 44.0092 9.89045 36.8307 10.2925 34.5294 17.1215 23.4174 7.98707 12.288 4.92102 15.2173 8.04858 15.6923 8.48754 13.87 6.1017 4.30267 7.04465 41.5541
#_N_recruitment_years
43
#_Recruitment_start_at_1977_yearclass=1979_for_age_2_recruits 1979 1980 1981 1982 1983 1984 1985 1986 1987 1988 1989 1990 1991 1992 1993 1994 1995 1996 1997 1998 1999 2000 2001 2002 2003 2004 2005 2006 2007 2008 2009 2010 2011 2012 2013 2014 2015 2016 2017 2018 2019 2020 2021
 16.4553 15.7906 14.6396 19.774 20.0148 19.8597 29.0244 45.5738 35.4145 53.2084 52.4343 43.0837 16.249 24.937 22.9874 29.8819 20.1283 57.204 59.2293 33.2657 43.491 91.4871 51.9826 89.3566 42.5358 74.2721 22.0261 50.0631 29.4254 77.5879 50.7833 91.3776 24.261 77.3599 18.5661 74.2522 44.6221 45.3267 17.8804 82.8998 49.17 21.0581 18.4123
#_Spawners per recruitment (starting at 1977)
 24.94 20.059 19.9578 19.3974 17.4112 15.2418 15.1705 16.398 18.0154 20.7962 23.3657 25.2354 25.6148 24.8859 24.1137 26.6244 30.2218 36.6042 44.1917 50.9278 56.3907 60.5698 64.0463 66.1216 68.1386 70.2327 72.7678 76.7918 81.5599 87.5105 93.5457 100.689 108.592 116.252 122.151 127.705 132.127 136.89 139.821 142.7 143.98 144.685 144.507 143.377 141.808
