# Number of obs
78
# Age vector
1
2
3
4
5
6
7
8
9
10
11
12
13
14
15
16
17
18
19
20
21
22
23
24
25
26
27
28
29
30
31
32
33
34
35
36
37
38
39
40
41
42
43
44
45
46
47
48
49
50
51
52
53
54
55
56
57
58
59
60
61
62
63
64
65
66
67
68
69
70
71
72
73
74
75
76
77
78
# Percent agreement vector
0.933333333333333
0.805970149253731
0.843601895734597
0.735449735449735
0.730639730639731
0.608108108108108
0.619565217391304
0.552238805970149
0.540983606557377
0.461904761904762
0.418259023354565
0.361305361305361
0.356707317073171
0.334532374100719
0.316602316602317
0.315789473684211
0.265625
0.312849162011173
0.255172413793103
0.282608695652174
0.198275862068966
0.246376811594203
0.145161290322581
0.196078431372549
0.282051282051282
0.224489795918367
0.142857142857143
0.15625
0.0869565217391305
0.227272727272727
0.384615384615385
0.2
0.142857142857143
0.25
0.166666666666667
0.2
0
0.333333333333333
0
0.2
0.428571428571429
0.285714285714286
0.333333333333333
0
0.125
0
0
0.333333333333333
0
0
0
0
0.2
0
0
0
0
0.2
0
0
-9
0.5
0
0
-9
1
0
-9
-9
-9
0
0
0
-9
-9
-9
-9
0
# Sample size vector
15
67
211
189
297
296
368
469
610
630
471
429
328
278
259
228
192
179
145
138
116
69
62
51
39
49
35
32
23
22
13
15
7
12
6
5
5
3
5
5
7
7
9
1
8
2
2
3
4
2
1
1
5
2
1
2
3
5
1
4
-9
2
2
1
-9
1
1
-9
-9
-9
1
1
1
-9
-9
-9
-9
1
