# Number of parameters = 169 Objective function value = 285.488006614099  Maximum gradient component = 8.33258392257281e-05
# log_mean_rec:
10.0087074915
# sigr:
0.355920738857
# a50:
2.87098852584
# delta:
6.95944945992
# a502:
6.58216691636
# delta2:
1.85837682974
# a503:
3.25897830915
# delta3:
12.8880671719
# a50_srv1:
20.2159622045
# delta_srv1:
9.86167216188
# a50_srv2:
7.30000000000
# delta_srv2:
3.80000000000
# log_avg_F:
-5.57959445422
# log_F_devs:
 -0.528659742360 0.843390913668 1.53239278142 2.03827222552 2.30755246863 1.67954452597 1.14606770741 0.995712742621 0.719706512004 0.276414182792 0.838435653984 0.847389933111 0.547938976954 0.488046936832 0.530170479646 0.482379995801 0.0927102082905 -0.856967614084 -0.780688217848 -0.479935996296 -0.473736767128 -1.11156013970 -1.74640760142 -1.76731122805 -2.99621773413 -1.97933889091 -1.25913392248 -0.619240953524 -0.306488730500 -0.228544608876 -0.978538907438 -1.06751146750 -2.32036852927 -2.52549483864 -1.44646043090 -0.474234145194 -0.384140788314 -0.467823430272 -0.306673857063 -0.328194761669 -0.251769045843 -0.163463377274 -0.246353857741 -0.193798125741 -0.260136063415 -0.114005869020 0.296494519157 0.222768884085 0.235735734545 0.401179215942 0.299496028016 0.346552544464 0.229105705797 0.532559980828 0.600259743376 0.819491315638 0.870492863642 0.923179513345 0.971603624175 0.981129219499 1.14127324023 1.18535132737 1.24039535203
# mat_a50:
9.54311817319
# mat_delta:
0.689147155655
# log_rec_dev:
 -0.00385160305765 -0.00514089663090 -0.00681834828928 -0.00895686405709 -0.0117294816325 -0.0153462469782 -0.0200354885341 -0.0259047903521 -0.0333656450456 -0.0426936767129 -0.0539426801906 -0.0673895217498 -0.0829994632971 -0.100348205148 -0.118742872009 -0.136899488844 -0.152952161323 -0.164426844036 -0.167662957232 -0.156429350271 -0.117020146760 -0.0204831839606 0.147846450540 0.297196348171 0.504142471838 0.794212867821 0.256363393978 -0.0367238316515 -0.0980340919135 -0.0903973976380 0.0614896512773 0.212929129045 0.0817596934132 -0.162153767172 -0.291862334853 -0.288828168331 -0.291675022700 -0.325070108724 -0.350216459348 -0.381447725762 -0.406873609662 -0.408172617219 -0.330693418959 -0.196755629989 -0.288698470363 -0.359840261720 -0.365315083322 -0.297761445204 -0.296774661807 -0.254243973826 -0.0190021989629 0.277966093262 0.301992208083 0.605557257302 0.382745405534 0.0915311777185 -0.216747571225 -0.247051407272 -0.247815600662 -0.114219239368 -0.144494719074 0.336169488780 0.482392931588 0.110036836397 0.204663136942 0.785033160005 0.438906013593 0.631004771424 0.225010949094 0.359486570021 -0.133150947143 0.0200484953013 -0.0892606434202 0.363194657594 0.224579133739 0.413525830651 -0.0684061505952 0.193917030363 -0.179030282328 0.171021185179 -0.00781941972141 -0.0487157390470 -0.261740558720 0.132177735505 -0.0396499767387 -0.111012821744 -0.141998627904 0.00640691710138 0.00298044729509
# log_q_srv1:
-0.204539704978
# log_q_srv2:
0.00000000000
# cv_cpue:
0.00000000000
# logm:
-1.23787435600
# mF50:
0.999999382691
# mF40:
0.999999825179
# mF35:
0.999999871278
